0 0.143843 0.260417 0.013426 0.014167
0 0.171806 0.253403 0.008611 0.019583
0 0.319167 0.309792 0.008333 0.020694
0 0.481667 0.375625 0.008704 0.018750
0 0.642639 0.253681 0.009352 0.021528
0 0.669352 0.260556 0.013148 0.013056
0 0.206204 0.636806 0.012222 0.013611
0 0.365741 0.619306 0.008704 0.019722
0 0.365278 0.639306 0.009259 0.021667
0 0.183056 0.785417 0.008148 0.019167
0 0.582315 0.526806 0.013148 0.015278
0 0.598380 0.465556 0.013241 0.013611
1 0.144306 0.238056 0.013056 0.027222
1 0.186806 0.253056 0.017685 0.019167
1 0.277269 0.376181 0.016759 0.015139
1 0.334352 0.309931 0.017222 0.019583
1 0.466806 0.375903 0.017685 0.018472
1 0.628056 0.253542 0.017222 0.018194
1 0.669352 0.238125 0.012222 0.026250
1 0.546343 0.376806 0.015648 0.018056
1 0.598380 0.442639 0.012315 0.027500
1 0.582454 0.548056 0.013056 0.027500
1 0.645602 0.733056 0.011759 0.025556
1 0.487315 0.497778 0.015926 0.017222
1 0.379213 0.619306 0.017500 0.018611
1 0.379352 0.638681 0.017222 0.018194
1 0.321667 0.497639 0.016667 0.017500
1 0.205278 0.659028 0.012593 0.027778
1 0.197130 0.785556 0.017963 0.018333
3 0.136204 0.279306 0.028519 0.020278
3 0.158056 0.267431 0.014815 0.047083
3 0.349167 0.298264 0.015000 0.042639
3 0.495278 0.364306 0.015370 0.043889
3 0.655463 0.266806 0.015000 0.048056
3 0.677454 0.279306 0.028981 0.021111
3 0.213241 0.617153 0.028519 0.021806
3 0.169815 0.758403 0.014815 0.041806
3 0.351667 0.607431 0.014630 0.041806
3 0.351991 0.650556 0.014167 0.041111
3 0.590417 0.506667 0.027685 0.022778
3 0.590093 0.484028 0.028333 0.021944
5 0.317917 0.352431 0.012500 0.022083
5 0.508704 0.339028 0.013148 0.020000
5 0.631204 0.784931 0.013889 0.017917
5 0.510880 0.534931 0.012500 0.019861
5 0.337917 0.534653 0.011944 0.019306
5 0.304769 0.338542 0.011574 0.018194
6 0.265556 0.301181 0.034815 0.071528
6 0.399028 0.359306 0.041759 0.040833
6 0.544630 0.316667 0.032407 0.072500
6 0.606065 0.694306 0.033241 0.072500
6 0.475602 0.593681 0.033426 0.071250
6 0.297593 0.578542 0.035370 0.071806
7 0.140278 0.166042 0.036667 0.048472
7 0.159167 0.357431 0.033704 0.053194
7 0.329815 0.161181 0.036111 0.048194
7 0.484676 0.167431 0.036389 0.049028
7 0.674028 0.163681 0.035833 0.049861
7 0.655278 0.358056 0.033333 0.054722
7 0.189028 0.577431 0.032500 0.054028
7 0.254167 0.744931 0.036111 0.048194
7 0.362454 0.744306 0.036944 0.049444
7 0.362778 0.537431 0.036852 0.049028
7 0.534815 0.493264 0.037037 0.049028
7 0.635278 0.457431 0.033889 0.056528
9 0.523889 0.653681 0.012963 0.050694
9 0.430926 0.699792 0.013889 0.050417
9 0.278889 0.690417 0.012963 0.050556
9 0.305278 0.203681 0.013889 0.051250
9 0.439352 0.212778 0.012963 0.050556
9 0.509167 0.200278 0.013148 0.051111
10 0.580139 0.206181 0.034352 0.110139
10 0.385926 0.214792 0.034074 0.105972
10 0.233704 0.206181 0.033704 0.107361
10 0.324167 0.689306 0.036667 0.108333
10 0.497130 0.682014 0.034815 0.107361
10 0.562778 0.644931 0.035185 0.107639
11 0.128426 0.234792 0.006111 0.009306
11 0.183056 0.276806 0.006296 0.010000
11 0.462917 0.353403 0.005833 0.009306
11 0.686204 0.235556 0.005926 0.009722
11 0.625880 0.284306 0.006574 0.010556
11 0.221065 0.666806 0.005648 0.010000
11 0.200880 0.768056 0.005463 0.008056
11 0.379630 0.592917 0.006481 0.010278
11 0.383565 0.681181 0.006759 0.008750
11 0.581343 0.469306 0.005833 0.008333
11 0.600741 0.524306 0.005556 0.009444
12 0.611065 0.603264 0.005833 0.007639
12 0.431528 0.564931 0.005648 0.009028
12 0.250417 0.582153 0.006389 0.008194
12 0.221019 0.299306 0.006296 0.008889
12 0.374954 0.251181 0.005833 0.008750
12 0.603889 0.298681 0.006111 0.008750
13 0.603889 0.307778 0.007037 0.009722
13 0.374815 0.259792 0.007222 0.009583
13 0.221204 0.308056 0.006667 0.010833
13 0.250278 0.590556 0.006296 0.010833
13 0.431852 0.573056 0.007037 0.008056
13 0.611343 0.611181 0.006019 0.009306
14 0.187269 0.209931 0.006019 0.009028
14 0.204954 0.196042 0.006019 0.009583
14 0.132917 0.224931 0.005278 0.008750
14 0.194769 0.276806 0.006389 0.010000
14 0.194954 0.305556 0.006759 0.007500
14 0.227454 0.385417 0.006759 0.008333
14 0.332130 0.276806 0.006111 0.008889
14 0.359028 0.226042 0.005833 0.009583
14 0.288380 0.146042 0.006574 0.009583
14 0.392917 0.147153 0.006019 0.009306
14 0.432315 0.384792 0.006852 0.010417
14 0.467639 0.341528 0.006574 0.010278
14 0.466204 0.310556 0.007222 0.010000
14 0.474306 0.271806 0.006389 0.009167
14 0.584630 0.384306 0.006111 0.010000
14 0.618843 0.304931 0.006019 0.009583
14 0.618704 0.276181 0.006852 0.009306
14 0.626806 0.209931 0.006204 0.009861
14 0.681852 0.224931 0.006111 0.009028
14 0.526806 0.145903 0.006574 0.009861
14 0.663102 0.608542 0.006389 0.009583
14 0.681852 0.649514 0.007222 0.011250
14 0.622315 0.561667 0.006667 0.008333
14 0.594028 0.561181 0.006759 0.010417
14 0.604954 0.574931 0.006019 0.008472
14 0.576204 0.575903 0.006852 0.009583
14 0.558426 0.562014 0.007037 0.010139
14 0.584491 0.770417 0.005648 0.009444
14 0.531528 0.756181 0.007130 0.009861
14 0.493843 0.755556 0.006204 0.008056
14 0.424815 0.604931 0.006111 0.009028
14 0.436343 0.488681 0.006019 0.009861
14 0.575926 0.444653 0.006111 0.009306
14 0.397639 0.586667 0.006574 0.009444
14 0.387917 0.605417 0.006389 0.009444
14 0.398241 0.687778 0.006481 0.010556
14 0.377176 0.687778 0.007500 0.010556
14 0.255556 0.488542 0.006111 0.009306
14 0.227315 0.590417 0.006296 0.009444
14 0.227778 0.658681 0.006111 0.009028
14 0.206065 0.708681 0.007130 0.008472
14 0.205741 0.752431 0.006481 0.009306
14 0.134630 0.654167 0.005741 0.009167
14 0.307454 0.754931 0.006204 0.008750
15 0.169491 0.098681 0.007315 0.010139
15 0.117315 0.174931 0.008148 0.009306
15 0.269815 0.133542 0.007963 0.010139
15 0.340093 0.101806 0.006852 0.011667
15 0.411667 0.132917 0.008148 0.011944
15 0.474167 0.102431 0.008148 0.009583
15 0.545556 0.132431 0.007037 0.011250
15 0.644815 0.098681 0.007778 0.011250
15 0.696806 0.209931 0.007130 0.010139
15 0.697454 0.337292 0.008611 0.011806
15 0.667778 0.466528 0.006852 0.011944
15 0.668241 0.520278 0.007593 0.011111
15 0.696528 0.718542 0.006944 0.011806
15 0.381667 0.797431 0.007778 0.010417
15 0.220602 0.798056 0.007685 0.010556
15 0.117454 0.717431 0.006574 0.010417
15 0.117315 0.635556 0.007778 0.011111
15 0.117593 0.513681 0.007222 0.009028
15 0.116991 0.412778 0.007130 0.010833
15 0.116991 0.318889 0.007130 0.011389
15 0.117593 0.256806 0.007593 0.010556
15 0.158519 0.529167 0.007593 0.011389
15 0.192639 0.482431 0.008611 0.010694
15 0.321019 0.481181 0.008704 0.010694
15 0.391667 0.481181 0.007037 0.010417
15 0.549167 0.421528 0.007778 0.009444
15 0.511667 0.459931 0.006667 0.010972
15 0.546019 0.392292 0.007963 0.011528
15 0.395926 0.392153 0.009074 0.011250
15 0.277593 0.391806 0.008704 0.011667
15 0.443241 0.842292 0.007222 0.013194
16 0.189815 0.138681 0.010000 0.026806
16 0.184954 0.211181 0.010648 0.024306
16 0.201343 0.198681 0.024722 0.016806
16 0.191991 0.277778 0.008796 0.023056
16 0.131204 0.227431 0.016296 0.015694
16 0.192593 0.304931 0.009074 0.026806
16 0.226204 0.381806 0.019259 0.014722
16 0.288056 0.153056 0.043148 0.013056
16 0.360139 0.222292 0.018426 0.016250
16 0.331019 0.280278 0.017963 0.015833
16 0.434352 0.382431 0.017037 0.016806
16 0.467315 0.345764 0.015926 0.014028
16 0.476204 0.326181 0.010926 0.030417
16 0.464630 0.307431 0.017037 0.014583
16 0.476204 0.272431 0.010370 0.026528
16 0.392593 0.152639 0.045926 0.011389
16 0.526806 0.151806 0.046759 0.009167
16 0.587269 0.381667 0.018426 0.015833
16 0.621343 0.304028 0.009537 0.024444
16 0.621667 0.276181 0.008889 0.025139
16 0.616806 0.234931 0.006759 0.019583
16 0.629167 0.209931 0.009259 0.022083
16 0.682315 0.228681 0.016111 0.016528
16 0.625278 0.136528 0.010370 0.026389
16 0.612917 0.199306 0.021944 0.017222
16 0.134306 0.651181 0.018426 0.015972
16 0.203704 0.752917 0.009630 0.024167
16 0.225278 0.657292 0.009444 0.023750
16 0.237639 0.676806 0.017685 0.016944
16 0.249028 0.654931 0.011204 0.027361
16 0.225278 0.591528 0.009630 0.023889
16 0.203241 0.709306 0.011296 0.026111
16 0.246991 0.497431 0.007130 0.018194
16 0.256065 0.491806 0.017500 0.016389
16 0.308056 0.748681 0.067222 0.011528
16 0.378241 0.682153 0.017778 0.014583
16 0.402130 0.691042 0.018333 0.015417
16 0.409630 0.670556 0.010370 0.025556
16 0.386389 0.601181 0.008889 0.023194
16 0.398056 0.582431 0.015741 0.013750
16 0.426389 0.603542 0.011852 0.028194
16 0.434815 0.491806 0.016667 0.015556
16 0.492917 0.748403 0.045648 0.009861
16 0.539491 0.747778 0.047315 0.010556
16 0.583380 0.771806 0.013241 0.044722
16 0.648380 0.662431 0.009537 0.020417
16 0.659769 0.608056 0.008796 0.023611
16 0.681389 0.652431 0.018889 0.017639
16 0.607130 0.574931 0.009259 0.024861
16 0.594491 0.557292 0.016019 0.015694
16 0.573889 0.575556 0.010926 0.023056
16 0.536991 0.550556 0.015278 0.014167
16 0.578056 0.443542 0.010000 0.023472
16 0.642315 0.551042 0.016667 0.015694
17 0.121065 0.160139 0.007130 0.066111
17 0.169769 0.104931 0.028241 0.010417
17 0.264306 0.132153 0.006759 0.035694
17 0.340602 0.105278 0.028611 0.009167
17 0.121852 0.257431 0.006852 0.044306
17 0.121528 0.320556 0.004907 0.045556
17 0.121991 0.414653 0.005833 0.056806
17 0.121667 0.512431 0.006111 0.087083
17 0.121991 0.635556 0.006944 0.040556
17 0.121667 0.718681 0.005926 0.040139
17 0.220556 0.794306 0.025741 0.008889
17 0.381389 0.795556 0.028148 0.009722
17 0.450741 0.796181 0.029074 0.009306
17 0.692454 0.717431 0.006759 0.023472
17 0.662315 0.464931 0.007222 0.042361
17 0.662639 0.519167 0.007315 0.040556
17 0.550602 0.429028 0.028796 0.010278
17 0.546343 0.385556 0.026574 0.007778
17 0.517130 0.457292 0.005926 0.032639
17 0.692130 0.338056 0.005000 0.042222
17 0.692315 0.209931 0.006667 0.025694
17 0.644954 0.105556 0.028241 0.008889
17 0.550278 0.132917 0.005370 0.035556
17 0.473565 0.104306 0.027130 0.008611
17 0.416667 0.132778 0.005926 0.036667
17 0.162315 0.529653 0.005370 0.040417
17 0.193241 0.488056 0.028519 0.009722
17 0.277315 0.384931 0.026667 0.009861
17 0.321528 0.487431 0.027500 0.009306
17 0.393102 0.487778 0.027500 0.008056
17 0.395741 0.385556 0.026111 0.010278
