0 0.091065 0.235417 0.005463 0.010833
0 0.088565 0.255556 0.007130 0.007500
0 0.130417 0.380556 0.007130 0.006667
0 0.107593 0.504792 0.007037 0.007639
0 0.088704 0.617917 0.006852 0.007778
0 0.090880 0.638681 0.004352 0.010417
0 0.161019 0.289306 0.005000 0.010000
0 0.182269 0.301806 0.004352 0.009722
0 0.213565 0.469514 0.006574 0.007639
0 0.219954 0.469306 0.006944 0.007778
0 0.219815 0.591806 0.005185 0.009444
0 0.270556 0.609306 0.007037 0.006389
0 0.364306 0.234931 0.004352 0.010139
0 0.361806 0.255556 0.007315 0.007222
0 0.403380 0.379931 0.006759 0.006806
0 0.381019 0.504167 0.007222 0.006944
0 0.361806 0.616181 0.006759 0.006806
0 0.363889 0.637917 0.005000 0.010556
0 0.433889 0.289653 0.005185 0.010694
0 0.455093 0.301806 0.004444 0.011111
0 0.486389 0.468681 0.006852 0.007083
0 0.492917 0.468681 0.006759 0.007639
0 0.492269 0.590556 0.004352 0.010833
0 0.543102 0.608542 0.006759 0.006806
1 0.083380 0.235556 0.009352 0.010556
1 0.088843 0.267292 0.006759 0.013750
1 0.130417 0.390903 0.007315 0.013750
1 0.130880 0.330417 0.006389 0.013056
1 0.107593 0.492778 0.006852 0.014444
1 0.130741 0.537153 0.006296 0.013472
1 0.088704 0.606528 0.006481 0.014444
1 0.083380 0.639167 0.009167 0.010278
1 0.152917 0.289931 0.009352 0.010417
1 0.189491 0.301806 0.009907 0.010278
1 0.171806 0.374931 0.005833 0.013194
1 0.252454 0.253403 0.008611 0.009583
1 0.213519 0.458056 0.006852 0.013889
1 0.220139 0.458056 0.006574 0.014444
1 0.171667 0.502431 0.006111 0.012639
1 0.227130 0.591806 0.009630 0.010000
1 0.270417 0.598403 0.006574 0.014028
1 0.356528 0.234931 0.008796 0.010139
1 0.361667 0.266806 0.006481 0.013611
1 0.403843 0.329306 0.005648 0.011944
1 0.403519 0.389931 0.007037 0.013194
1 0.380926 0.491667 0.006852 0.013889
1 0.403519 0.536181 0.006111 0.012083
1 0.361667 0.605417 0.006667 0.013333
1 0.356806 0.638056 0.008796 0.010278
1 0.542917 0.596806 0.006389 0.014444
1 0.499954 0.590556 0.009352 0.010000
1 0.444769 0.501806 0.005648 0.012222
1 0.486528 0.457292 0.006944 0.012917
1 0.492639 0.457431 0.006389 0.013472
1 0.444630 0.374306 0.006111 0.012222
1 0.462454 0.301667 0.009537 0.010278
1 0.426204 0.289792 0.009815 0.009583
1 0.524954 0.253056 0.008056 0.009444
3 0.097639 0.228889 0.008611 0.023611
3 0.093565 0.246181 0.016389 0.012361
3 0.126667 0.369167 0.015556 0.013056
3 0.104028 0.481181 0.014907 0.011806
3 0.093380 0.628056 0.016389 0.012500
3 0.097593 0.644931 0.007778 0.021806
3 0.261343 0.619167 0.015278 0.012778
3 0.212778 0.585556 0.008148 0.023333
3 0.209491 0.478681 0.014722 0.012361
3 0.224630 0.479306 0.015185 0.011667
3 0.167454 0.295556 0.007870 0.023333
3 0.175093 0.295556 0.008148 0.023333
3 0.370741 0.228681 0.008333 0.023194
3 0.366528 0.245556 0.016389 0.011944
3 0.399491 0.368681 0.014537 0.011528
3 0.376991 0.480556 0.014907 0.011667
3 0.366343 0.627639 0.016204 0.012500
3 0.370880 0.643889 0.007870 0.022222
3 0.533889 0.618403 0.015185 0.012083
3 0.485602 0.584931 0.007500 0.023194
3 0.482593 0.478681 0.015185 0.010694
3 0.496991 0.478681 0.014907 0.012639
3 0.440093 0.295278 0.007963 0.023333
3 0.447917 0.295139 0.008056 0.023889
5 0.118056 0.358264 0.007407 0.012361
5 0.122593 0.505417 0.007778 0.011944
5 0.117778 0.514792 0.007593 0.013194
5 0.184630 0.489028 0.007778 0.011389
5 0.184815 0.357431 0.006852 0.009583
5 0.270741 0.264167 0.007778 0.011111
5 0.390741 0.357917 0.007037 0.011944
5 0.395556 0.504306 0.008148 0.012222
5 0.390741 0.514167 0.007222 0.010556
5 0.457454 0.488681 0.006944 0.011528
5 0.457593 0.357153 0.007222 0.010694
5 0.543241 0.263681 0.007593 0.011528
6 0.110093 0.331806 0.025185 0.026389
6 0.124630 0.442431 0.014444 0.035694
6 0.104491 0.544931 0.026944 0.029028
6 0.199167 0.521042 0.025741 0.025694
6 0.204769 0.383681 0.025833 0.027361
6 0.239028 0.284653 0.026389 0.026250
6 0.383380 0.331667 0.024907 0.027222
6 0.397917 0.442292 0.014167 0.032917
6 0.378380 0.544931 0.027315 0.026250
6 0.471991 0.521181 0.028056 0.028194
6 0.477917 0.384306 0.025278 0.025556
6 0.511528 0.284306 0.028241 0.027778
7 0.058102 0.231806 0.018796 0.029722
7 0.124306 0.245903 0.019722 0.027083
7 0.059306 0.377431 0.018241 0.028472
7 0.056667 0.496528 0.017963 0.030000
7 0.058704 0.641806 0.017778 0.029444
7 0.124352 0.627431 0.019815 0.027361
7 0.200093 0.604306 0.019815 0.026944
7 0.256667 0.554306 0.017963 0.028889
7 0.185880 0.470556 0.018241 0.029167
7 0.256343 0.471389 0.018056 0.030000
7 0.170278 0.338681 0.018148 0.029861
7 0.158056 0.261667 0.019815 0.027222
7 0.331204 0.232431 0.018704 0.031806
7 0.397917 0.246181 0.020278 0.029583
7 0.332639 0.376181 0.017685 0.030139
7 0.330093 0.495139 0.017778 0.028889
7 0.332130 0.640417 0.017963 0.030556
7 0.397593 0.626528 0.019259 0.027778
7 0.431343 0.261806 0.020648 0.027500
7 0.443704 0.338264 0.017778 0.030139
7 0.458565 0.469931 0.017685 0.028750
7 0.528889 0.470556 0.017222 0.029722
7 0.529306 0.553542 0.017500 0.028472
7 0.473102 0.603056 0.019537 0.026667
9 0.070556 0.358681 0.018148 0.013750
9 0.075093 0.411806 0.019074 0.013056
9 0.071667 0.514931 0.018333 0.011528
9 0.237963 0.535278 0.017963 0.012222
9 0.241528 0.418403 0.018796 0.011806
9 0.225602 0.347153 0.018241 0.011806
9 0.343704 0.357431 0.019259 0.011806
9 0.348056 0.411389 0.017778 0.012222
9 0.345278 0.513056 0.019259 0.011389
9 0.511065 0.534306 0.018796 0.013056
9 0.514028 0.417431 0.018056 0.012361
9 0.498241 0.346806 0.018333 0.012222
10 0.072315 0.304306 0.039259 0.028056
10 0.076204 0.451806 0.038333 0.028333
10 0.072593 0.569792 0.036667 0.028472
10 0.237315 0.502292 0.038333 0.029306
10 0.234954 0.368681 0.038241 0.028194
10 0.222454 0.317431 0.037685 0.027917
10 0.345880 0.568681 0.037685 0.029028
10 0.348704 0.451181 0.036852 0.028194
10 0.344954 0.304792 0.037870 0.026528
10 0.495278 0.316181 0.038148 0.029306
10 0.507917 0.367292 0.038056 0.027361
10 0.509769 0.501181 0.038426 0.025694
10 0.768565 0.583056 0.025648 0.037778
10 0.768380 0.521181 0.025093 0.036528
10 0.768380 0.458681 0.025093 0.036528
10 0.768519 0.396181 0.025185 0.037361
10 0.769954 0.334306 0.021944 0.035833
10 0.768843 0.288056 0.024352 0.036111
10 0.698704 0.301806 0.046296 0.036389
10 0.621528 0.289306 0.025278 0.065833
11 0.082315 0.222431 0.003148 0.005417
11 0.099306 0.268681 0.003611 0.005139
11 0.122593 0.393681 0.003704 0.005139
11 0.096667 0.609306 0.003333 0.004722
11 0.082130 0.651806 0.003148 0.004444
11 0.264352 0.595556 0.002963 0.005556
11 0.229954 0.580417 0.003611 0.005000
11 0.204630 0.458056 0.003148 0.005000
11 0.234630 0.454931 0.003148 0.004861
11 0.181204 0.288056 0.003148 0.004444
11 0.162593 0.303056 0.003148 0.004722
11 0.356204 0.222292 0.003704 0.004306
11 0.372315 0.256806 0.003148 0.004444
11 0.396343 0.392431 0.003611 0.004861
11 0.372315 0.506528 0.002778 0.005000
11 0.363565 0.620417 0.004352 0.005833
11 0.355139 0.650278 0.003426 0.005000
11 0.506806 0.475278 0.003426 0.005556
11 0.477917 0.460556 0.003611 0.005000
11 0.539213 0.593056 0.003426 0.004722
11 0.435417 0.302431 0.003426 0.005417
11 0.463519 0.288403 0.003519 0.004861
12 0.104352 0.285556 0.002963 0.005278
12 0.088102 0.461667 0.003241 0.005000
12 0.104167 0.580278 0.003333 0.004444
12 0.201019 0.557917 0.003333 0.004722
12 0.195093 0.418056 0.002963 0.005000
12 0.208056 0.279931 0.003148 0.004583
12 0.377315 0.284931 0.003333 0.004861
12 0.383056 0.461042 0.003148 0.004306
12 0.377454 0.579931 0.002870 0.004583
12 0.473704 0.556528 0.003148 0.005000
12 0.471528 0.419306 0.002870 0.004167
12 0.480880 0.280000 0.003056 0.005000
13 0.106991 0.285417 0.003056 0.005556
13 0.091065 0.461667 0.003611 0.005833
13 0.107315 0.579931 0.003704 0.005139
13 0.203843 0.557431 0.003426 0.005417
13 0.198056 0.417778 0.003889 0.005556
13 0.211065 0.279931 0.003426 0.005694
13 0.380093 0.284931 0.003148 0.005139
13 0.385880 0.460556 0.003241 0.005000
13 0.380417 0.579931 0.003241 0.004861
13 0.476667 0.556181 0.003148 0.004861
13 0.474306 0.418681 0.003611 0.005139
13 0.483704 0.279792 0.003519 0.005694
14 0.078843 0.224931 0.003611 0.004861
14 0.073704 0.267778 0.002963 0.004722
14 0.096528 0.274167 0.003241 0.005000
14 0.106019 0.273681 0.002963 0.004583
14 0.133519 0.299931 0.003148 0.004861
14 0.051852 0.344931 0.002778 0.004306
14 0.095093 0.384931 0.003704 0.004583
14 0.108241 0.391806 0.002963 0.005000
14 0.118519 0.390556 0.003148 0.005278
14 0.133519 0.417431 0.002963 0.004861
14 0.052269 0.448056 0.003056 0.004722
14 0.079491 0.473681 0.003056 0.004028
14 0.096667 0.494306 0.003333 0.005000
14 0.051667 0.528542 0.003519 0.004306
14 0.133843 0.575556 0.003426 0.005278
14 0.068704 0.592431 0.003148 0.004583
14 0.073704 0.606181 0.003148 0.005417
14 0.096667 0.600000 0.002778 0.005000
14 0.106019 0.599931 0.003148 0.004861
14 0.079028 0.648056 0.003056 0.004444
14 0.225417 0.646806 0.002870 0.003889
14 0.259306 0.591806 0.003241 0.004722
14 0.244306 0.591806 0.003426 0.004722
14 0.226991 0.574306 0.003426 0.005000
14 0.203843 0.574931 0.002870 0.005139
14 0.169028 0.553403 0.002870 0.004583
14 0.237315 0.459931 0.003148 0.004861
14 0.237130 0.443681 0.003519 0.005417
14 0.202593 0.444306 0.003333 0.005000
14 0.208704 0.451181 0.003333 0.005694
14 0.209028 0.423056 0.003056 0.004722
14 0.169167 0.414931 0.003704 0.004583
14 0.260417 0.513542 0.003056 0.005139
14 0.260093 0.370278 0.003148 0.005000
14 0.260278 0.341806 0.003148 0.005000
14 0.265278 0.300556 0.003148 0.005278
14 0.194167 0.320764 0.003519 0.004861
14 0.198704 0.306806 0.002963 0.005000
14 0.193889 0.293403 0.003148 0.004306
14 0.198704 0.285000 0.003519 0.005000
14 0.193889 0.271806 0.002963 0.005556
14 0.209769 0.240278 0.003426 0.005000
14 0.153843 0.307014 0.003241 0.004861
14 0.223843 0.225556 0.002870 0.005000
14 0.322130 0.267153 0.003333 0.005972
14 0.346991 0.267431 0.003241 0.005972
14 0.342454 0.280556 0.002870 0.005833
14 0.370139 0.274028 0.004352 0.006111
14 0.379491 0.273889 0.003611 0.006111
14 0.352176 0.224931 0.003611 0.005972
14 0.325093 0.344306 0.003148 0.005278
14 0.406667 0.299306 0.003333 0.005556
14 0.368380 0.384306 0.003611 0.005833
14 0.381389 0.390903 0.003148 0.005139
14 0.386806 0.380556 0.003241 0.005000
14 0.392315 0.388681 0.003333 0.005417
14 0.406806 0.415556 0.003241 0.005833
14 0.324954 0.448056 0.003241 0.005278
14 0.352454 0.472917 0.002870 0.005278
14 0.370093 0.491806 0.003333 0.005556
14 0.324954 0.528056 0.003426 0.005000
14 0.406667 0.574306 0.003519 0.005278
14 0.322454 0.604792 0.003611 0.004583
14 0.341991 0.591181 0.003056 0.004861
14 0.346806 0.604792 0.003611 0.005417
14 0.369630 0.598403 0.003519 0.005694
14 0.379815 0.599167 0.003704 0.005556
14 0.352315 0.646806 0.003889 0.004167
14 0.498380 0.645278 0.003056 0.005556
14 0.531667 0.590278 0.003704 0.005278
14 0.516991 0.590556 0.003796 0.005556
14 0.498843 0.573681 0.003611 0.004583
14 0.476852 0.573542 0.003148 0.005417
14 0.498519 0.554306 0.003704 0.005556
14 0.504630 0.564931 0.003148 0.005694
14 0.441991 0.551181 0.003796 0.005417
14 0.533241 0.512431 0.003148 0.005694
14 0.509491 0.459653 0.003611 0.005694
14 0.509306 0.440556 0.003611 0.005833
14 0.475093 0.443056 0.003704 0.005000
14 0.480093 0.450764 0.003333 0.006250
14 0.481806 0.422639 0.002870 0.006111
14 0.441991 0.414306 0.003241 0.005278
14 0.532593 0.368681 0.003333 0.005694
14 0.533102 0.334306 0.003611 0.006111
14 0.471806 0.306806 0.003981 0.005833
14 0.461667 0.336042 0.003704 0.005694
14 0.427176 0.306181 0.003611 0.005417
14 0.471667 0.285278 0.003704 0.005278
14 0.466852 0.292431 0.003148 0.005139
14 0.534769 0.300417 0.002870 0.005833
14 0.483102 0.239931 0.003241 0.005417
14 0.496667 0.226042 0.003519 0.005417
14 0.461806 0.256806 0.003796 0.005278
14 0.768056 0.240903 0.003333 0.006250
14 0.769491 0.652431 0.003426 0.005694
15 0.073843 0.214306 0.004167 0.006111
15 0.117315 0.214306 0.004630 0.006389
15 0.035880 0.254167 0.004352 0.006111
15 0.135602 0.329931 0.004352 0.005972
15 0.145880 0.327917 0.003796 0.006944
15 0.159491 0.355903 0.003981 0.006528
15 0.161204 0.236181 0.004444 0.005417
15 0.179815 0.236389 0.004815 0.006111
15 0.047454 0.330278 0.004352 0.006111
15 0.037269 0.384931 0.003796 0.005972
15 0.047593 0.433056 0.003704 0.006667
15 0.037130 0.488681 0.004074 0.005972
15 0.136204 0.446181 0.004074 0.005972
15 0.135880 0.536806 0.003796 0.006667
15 0.047454 0.543056 0.003611 0.006389
15 0.035556 0.619931 0.003889 0.005694
15 0.061667 0.659931 0.004074 0.006528
15 0.089954 0.660139 0.003796 0.006389
15 0.111019 0.659792 0.004074 0.005417
15 0.143102 0.659931 0.003796 0.005694
15 0.176806 0.659306 0.003611 0.005833
15 0.218889 0.660139 0.003889 0.006389
15 0.247454 0.659931 0.003796 0.006250
15 0.182917 0.628056 0.003796 0.005833
15 0.166667 0.601806 0.003519 0.005833
15 0.166019 0.503264 0.004074 0.006250
15 0.166065 0.449167 0.003796 0.005278
15 0.274630 0.580556 0.003704 0.005556
15 0.274630 0.456806 0.003704 0.006111
15 0.247593 0.214306 0.003889 0.006944
15 0.313380 0.618403 0.003241 0.006806
15 0.334954 0.658056 0.002685 0.005278
15 0.363241 0.658403 0.004259 0.005972
15 0.384352 0.658403 0.004074 0.005972
15 0.416389 0.658056 0.004074 0.005556
15 0.449769 0.658056 0.003611 0.005556
15 0.455741 0.627292 0.004259 0.005694
15 0.439815 0.600556 0.003704 0.005833
15 0.492130 0.657431 0.004074 0.005972
15 0.519815 0.657431 0.004259 0.005972
15 0.544491 0.579306 0.003611 0.006111
15 0.439815 0.501806 0.003704 0.005833
15 0.544167 0.455556 0.003704 0.006111
15 0.439352 0.448056 0.003148 0.005833
15 0.408704 0.444931 0.003519 0.006250
15 0.408889 0.535556 0.003889 0.006389
15 0.313102 0.487431 0.003796 0.006528
15 0.312917 0.384653 0.003611 0.006250
15 0.409028 0.329931 0.003611 0.006528
15 0.419306 0.327431 0.003796 0.007083
15 0.432315 0.355556 0.004259 0.006111
15 0.313102 0.254167 0.003241 0.006111
15 0.346991 0.214167 0.003241 0.006111
15 0.390417 0.214028 0.003611 0.005833
15 0.433843 0.235556 0.003796 0.005000
15 0.452593 0.236042 0.003889 0.005694
15 0.520278 0.214931 0.004074 0.006806
15 0.548519 0.403056 0.004259 0.007222
15 0.791065 0.214306 0.003611 0.005556
15 0.791528 0.665556 0.003796 0.005556
15 0.763102 0.665556 0.003796 0.005833
16 0.048843 0.268681 0.009167 0.009306
16 0.073241 0.268681 0.010741 0.010694
16 0.070093 0.278681 0.006667 0.021806
16 0.082130 0.274792 0.007407 0.006806
16 0.080093 0.224792 0.005000 0.011806
16 0.096204 0.271806 0.008889 0.008889
16 0.106019 0.271181 0.009815 0.008750
16 0.132778 0.299028 0.004630 0.013056
16 0.053241 0.346667 0.004630 0.035278
16 0.095139 0.382431 0.009722 0.008750
16 0.106667 0.393056 0.006667 0.012778
16 0.113241 0.382778 0.009630 0.008889
16 0.119769 0.390556 0.005463 0.013889
16 0.131528 0.410417 0.000278 0.000556
16 0.133102 0.416806 0.006204 0.013056
16 0.053843 0.448681 0.005833 0.034306
16 0.097778 0.494931 0.005741 0.012361
16 0.078241 0.473056 0.005741 0.011667
16 0.053519 0.528681 0.006111 0.034583
16 0.132639 0.576181 0.007315 0.014583
16 0.049167 0.605278 0.010185 0.008889
16 0.069630 0.596806 0.006852 0.017500
16 0.073843 0.607431 0.008796 0.009306
16 0.081852 0.598542 0.006111 0.009028
16 0.096389 0.600764 0.008148 0.009861
16 0.105880 0.601181 0.008426 0.008750
16 0.079630 0.648681 0.005185 0.014861
16 0.224630 0.648681 0.006667 0.013472
16 0.768843 0.654306 0.008426 0.015556
16 0.766806 0.241667 0.007500 0.014722
16 0.259028 0.592778 0.010463 0.009444
16 0.245093 0.593056 0.010185 0.010278
16 0.233102 0.567431 0.007315 0.014306
16 0.226204 0.576389 0.008704 0.008611
16 0.226019 0.556806 0.010185 0.009167
16 0.204630 0.576181 0.008889 0.008750
16 0.169630 0.552431 0.005926 0.014583
16 0.171528 0.558681 0.007685 0.007361
16 0.201343 0.444931 0.005833 0.013194
16 0.206806 0.453056 0.008611 0.008333
16 0.235602 0.459653 0.004352 0.013194
16 0.231065 0.434792 0.009352 0.008194
16 0.208241 0.422014 0.008704 0.008750
16 0.238380 0.440556 0.004722 0.014167
16 0.257778 0.514931 0.005185 0.051806
16 0.170093 0.415556 0.006296 0.013056
16 0.258056 0.371528 0.004259 0.033889
16 0.257639 0.335139 0.003611 0.036389
16 0.265602 0.301806 0.015463 0.009444
16 0.189954 0.336806 0.007315 0.014167
16 0.153843 0.305556 0.009537 0.007778
16 0.193241 0.293056 0.005926 0.013056
16 0.198380 0.282778 0.008796 0.009444
16 0.198843 0.308264 0.008241 0.010139
16 0.189954 0.256042 0.006574 0.014306
16 0.227778 0.251181 0.006852 0.008194
16 0.209491 0.242292 0.009352 0.008194
16 0.225278 0.226181 0.006667 0.014028
16 0.322315 0.604306 0.008333 0.008056
16 0.342639 0.594653 0.007685 0.017361
16 0.346991 0.605556 0.008796 0.009444
16 0.369954 0.599931 0.008241 0.009583
16 0.379306 0.601042 0.009352 0.009028
16 0.352917 0.647431 0.005833 0.011806
16 0.405602 0.575556 0.006759 0.013333
16 0.326852 0.528681 0.006852 0.035694
16 0.326343 0.447431 0.003426 0.034028
16 0.351806 0.473056 0.005833 0.010833
16 0.371019 0.493681 0.004815 0.011528
16 0.405880 0.415556 0.006389 0.012778
16 0.368241 0.382917 0.008889 0.010278
16 0.380093 0.392431 0.006296 0.013472
16 0.386343 0.382431 0.009167 0.009306
16 0.392917 0.389792 0.006204 0.014306
16 0.327500 0.344931 0.005000 0.034028
16 0.405556 0.298889 0.005926 0.015000
16 0.347130 0.267153 0.009444 0.010417
16 0.355278 0.273681 0.007778 0.008750
16 0.322315 0.268681 0.009259 0.008472
16 0.343102 0.278056 0.006204 0.018889
16 0.353056 0.224792 0.006111 0.011806
16 0.370093 0.271181 0.008148 0.008472
16 0.379630 0.270556 0.009815 0.009722
16 0.442315 0.551181 0.007037 0.014306
16 0.499028 0.645556 0.006944 0.014444
16 0.531528 0.591806 0.009907 0.011667
16 0.499028 0.574931 0.009722 0.009306
16 0.498380 0.555556 0.009352 0.008333
16 0.506204 0.566806 0.006852 0.015000
16 0.477269 0.575903 0.008611 0.008750
16 0.445602 0.558542 0.006759 0.010139
16 0.443056 0.414792 0.006296 0.014306
16 0.481019 0.420903 0.009259 0.009583
16 0.503704 0.433681 0.008519 0.008750
16 0.510880 0.441181 0.007130 0.015139
16 0.479954 0.451528 0.008611 0.008333
16 0.474306 0.444306 0.006759 0.013056
16 0.517130 0.592153 0.010370 0.010694
16 0.529954 0.513542 0.006204 0.052083
16 0.508704 0.458681 0.004444 0.015139
16 0.530602 0.371181 0.004537 0.035694
16 0.530417 0.335417 0.003241 0.036111
16 0.538241 0.300903 0.015741 0.012361
16 0.462778 0.336806 0.005370 0.014722
16 0.426991 0.305556 0.008611 0.008056
16 0.465741 0.292431 0.004444 0.012361
16 0.471852 0.307431 0.007778 0.009028
16 0.471389 0.283542 0.008148 0.008194
16 0.482778 0.241042 0.010185 0.010694
16 0.495741 0.226181 0.005741 0.014306
16 0.462778 0.255556 0.005370 0.013056
17 0.037917 0.253681 0.004907 0.021528
17 0.074352 0.217431 0.010185 0.006806
17 0.117778 0.217431 0.014630 0.007361
17 0.046019 0.327778 0.009630 0.006111
17 0.038380 0.385556 0.004537 0.022222
17 0.047130 0.429306 0.012593 0.005833
17 0.038241 0.488681 0.004074 0.021528
17 0.047130 0.546528 0.012037 0.005000
17 0.038241 0.620417 0.003889 0.021389
17 0.056204 0.656528 0.021296 0.006111
17 0.089676 0.655556 0.015463 0.005556
17 0.111065 0.656181 0.015648 0.005972
17 0.143704 0.655764 0.019815 0.005139
17 0.177315 0.656667 0.030370 0.005556
17 0.219306 0.656181 0.014907 0.006250
17 0.247639 0.655278 0.015648 0.006389
17 0.183102 0.624306 0.014352 0.004444
17 0.168843 0.602292 0.003611 0.020694
17 0.133843 0.536806 0.003796 0.021111
17 0.168565 0.504306 0.003611 0.022500
17 0.133889 0.446389 0.003148 0.021389
17 0.168843 0.448681 0.003611 0.021528
17 0.159491 0.353125 0.014537 0.006250
17 0.133843 0.331042 0.002870 0.023472
17 0.148704 0.328056 0.003519 0.023056
17 0.161065 0.240278 0.015278 0.006111
17 0.179769 0.239792 0.014907 0.005694
17 0.247130 0.217778 0.009074 0.005556
17 0.273843 0.457431 0.004352 0.021250
17 0.273843 0.581806 0.003241 0.021667
17 0.311204 0.618681 0.002963 0.021806
17 0.329769 0.654792 0.022315 0.005694
17 0.363380 0.654306 0.015833 0.006111
17 0.384815 0.654931 0.015926 0.006806
17 0.417130 0.653681 0.020556 0.005972
17 0.451019 0.654653 0.031852 0.005694
17 0.493056 0.654375 0.015556 0.006250
17 0.520417 0.654306 0.015093 0.005278
17 0.546528 0.579931 0.003611 0.021806
17 0.546343 0.456806 0.004167 0.021944
17 0.546343 0.404792 0.003611 0.023194
17 0.520278 0.217917 0.010185 0.005556
17 0.452778 0.239306 0.014259 0.006111
17 0.434491 0.239653 0.014722 0.005694
17 0.390139 0.217431 0.013611 0.004861
17 0.346991 0.217153 0.008796 0.004861
17 0.407315 0.329306 0.003704 0.020833
17 0.421343 0.327917 0.003426 0.023333
17 0.432176 0.352292 0.014352 0.005694
17 0.407315 0.446042 0.003889 0.024028
17 0.441806 0.448056 0.003426 0.022778
17 0.407269 0.536250 0.004167 0.022500
17 0.441343 0.502292 0.003426 0.022917
17 0.441852 0.601389 0.003889 0.021111
17 0.456019 0.623264 0.014815 0.006528
17 0.311343 0.253681 0.004722 0.020972
17 0.319954 0.327153 0.014537 0.005972
17 0.311528 0.385556 0.003611 0.022222
17 0.319815 0.429167 0.013704 0.005833
17 0.319954 0.544931 0.014722 0.004861
17 0.791806 0.217431 0.008611 0.006250
17 0.763056 0.661806 0.014815 0.005833
17 0.791852 0.661806 0.015185 0.006944
