0 0.492269 0.404306 0.008426 0.008056
0 0.536852 0.405278 0.008148 0.007500
0 0.634352 0.237292 0.005185 0.012361
0 0.631991 0.257431 0.007685 0.008194
0 0.673704 0.381806 0.007593 0.008056
0 0.650880 0.506181 0.008796 0.008750
0 0.631204 0.618681 0.008148 0.007917
0 0.634167 0.640556 0.005741 0.011111
0 0.703843 0.291806 0.005833 0.010278
0 0.725139 0.303542 0.005278 0.009583
0 0.756528 0.471181 0.006574 0.006528
0 0.763519 0.470556 0.006852 0.006389
0 0.762917 0.593681 0.003981 0.009583
0 0.813056 0.611806 0.007222 0.006389
1 0.491991 0.418542 0.006574 0.014861
1 0.537454 0.418681 0.006944 0.014583
1 0.626343 0.236806 0.009167 0.010000
1 0.626528 0.639931 0.009352 0.010139
1 0.631806 0.268681 0.006759 0.013472
1 0.673843 0.331806 0.006204 0.013056
1 0.673704 0.392917 0.007037 0.013611
1 0.651019 0.494167 0.006852 0.014167
1 0.673843 0.538056 0.005833 0.012500
1 0.631667 0.608542 0.006296 0.013472
1 0.696204 0.291181 0.009074 0.009028
1 0.732454 0.303681 0.008981 0.009583
1 0.795602 0.254931 0.009722 0.009306
1 0.756852 0.460139 0.006852 0.013889
1 0.763519 0.459931 0.006111 0.013750
1 0.770602 0.593056 0.009352 0.010000
1 0.715139 0.504931 0.005648 0.012639
1 0.714954 0.376806 0.006204 0.012222
1 0.813565 0.600139 0.006389 0.013889
2 0.495880 0.393056 0.014907 0.011944
2 0.533380 0.393056 0.014722 0.011667
3 0.640741 0.230417 0.008519 0.021944
3 0.636343 0.248056 0.016389 0.011667
3 0.669630 0.371181 0.014630 0.011806
3 0.647269 0.483056 0.015093 0.011111
3 0.636389 0.629931 0.016111 0.012083
3 0.640741 0.646806 0.007963 0.021111
3 0.710556 0.297431 0.007778 0.022083
3 0.718241 0.297431 0.007037 0.022361
3 0.752593 0.481042 0.014815 0.012083
3 0.767593 0.481042 0.014815 0.012361
3 0.755880 0.587778 0.008796 0.023056
3 0.804352 0.620903 0.015000 0.013750
5 0.660880 0.360278 0.007315 0.011111
5 0.665556 0.507431 0.006667 0.009306
5 0.813704 0.265556 0.007222 0.010000
5 0.727778 0.359306 0.007037 0.009722
5 0.727778 0.491806 0.007963 0.010000
6 0.653565 0.333056 0.025833 0.026667
6 0.667778 0.444653 0.015185 0.033194
6 0.598102 0.641667 0.015278 0.022500
6 0.669954 0.641667 0.015278 0.020556
6 0.611389 0.574931 0.014074 0.022361
6 0.782593 0.285556 0.026667 0.027500
6 0.747639 0.385556 0.025648 0.026944
6 0.742917 0.523542 0.024537 0.026806
7 0.601065 0.233542 0.019167 0.029583
7 0.667269 0.248056 0.020648 0.026944
7 0.602454 0.378889 0.017685 0.028889
7 0.600093 0.498056 0.018333 0.028611
7 0.701528 0.263750 0.020093 0.027500
7 0.713565 0.340556 0.017685 0.029444
7 0.728843 0.473056 0.017870 0.028889
7 0.799306 0.472917 0.017315 0.028889
7 0.799815 0.556806 0.017222 0.029722
7 0.743056 0.606806 0.019815 0.026667
9 0.613380 0.359931 0.017315 0.009028
9 0.617778 0.414167 0.017963 0.009167
9 0.780417 0.537292 0.017315 0.009583
9 0.784352 0.420278 0.019074 0.011667
9 0.768889 0.349028 0.017778 0.008056
10 0.615556 0.306389 0.036852 0.027500
10 0.618704 0.454028 0.036296 0.027500
10 0.632315 0.526667 0.037963 0.026667
10 0.778889 0.503542 0.038148 0.027083
10 0.778426 0.369931 0.038148 0.026250
10 0.765741 0.319028 0.036481 0.028056
11 0.626667 0.224028 0.003889 0.004722
11 0.642130 0.269931 0.003704 0.004583
11 0.664167 0.381181 0.003333 0.004861
11 0.667454 0.486042 0.004167 0.004306
11 0.642593 0.611181 0.003889 0.004861
11 0.625278 0.653681 0.004444 0.005417
11 0.694630 0.298681 0.003704 0.005139
11 0.723241 0.298264 0.003333 0.005139
11 0.748380 0.459931 0.004537 0.004306
11 0.767593 0.457431 0.003333 0.005139
11 0.772778 0.581806 0.004074 0.005000
11 0.814491 0.616806 0.004167 0.005833
12 0.647454 0.287431 0.003241 0.004861
12 0.631204 0.463056 0.003519 0.004722
12 0.647454 0.582014 0.003426 0.004861
12 0.744352 0.559306 0.003148 0.004444
12 0.741667 0.421667 0.003333 0.004444
12 0.751389 0.281806 0.003148 0.005278
13 0.650278 0.287431 0.003704 0.004861
13 0.634167 0.463542 0.003148 0.005139
13 0.650417 0.582014 0.003241 0.004861
13 0.754167 0.281806 0.003704 0.005278
13 0.744630 0.421667 0.003704 0.004444
13 0.746991 0.559306 0.003426 0.005000
14 0.425139 0.219931 0.003611 0.004583
14 0.496389 0.242431 0.003889 0.004583
14 0.492593 0.643681 0.003889 0.004306
14 0.486389 0.659931 0.003889 0.005417
14 0.622315 0.226806 0.003148 0.005000
14 0.617269 0.270000 0.003241 0.005000
14 0.611852 0.282639 0.003148 0.005000
14 0.639306 0.274931 0.003241 0.005139
14 0.649306 0.276181 0.003611 0.004583
14 0.594491 0.346806 0.003241 0.005556
14 0.676852 0.301181 0.003704 0.004861
14 0.637917 0.389931 0.003241 0.004861
14 0.651852 0.394028 0.002963 0.004167
14 0.656528 0.383056 0.003241 0.004444
14 0.661806 0.392431 0.003426 0.004583
14 0.676806 0.419306 0.003426 0.005000
14 0.595417 0.449931 0.003426 0.005694
14 0.622454 0.475417 0.003241 0.004444
14 0.639954 0.496181 0.003056 0.005417
14 0.648519 0.481806 0.003148 0.004722
14 0.594954 0.530417 0.003611 0.004444
14 0.676806 0.577431 0.003056 0.005139
14 0.617130 0.607917 0.003148 0.004444
14 0.621991 0.649931 0.003241 0.004028
14 0.639769 0.602292 0.003611 0.004861
14 0.649491 0.601806 0.003056 0.004167
14 0.711991 0.416042 0.003611 0.004861
14 0.712176 0.554792 0.003426 0.005694
14 0.696991 0.308681 0.003426 0.004028
14 0.732315 0.258056 0.003333 0.004444
14 0.752917 0.242153 0.003611 0.004861
14 0.766991 0.228056 0.003981 0.004722
14 0.741528 0.287014 0.003796 0.005139
14 0.736991 0.294931 0.003611 0.005417
14 0.741528 0.308889 0.003241 0.004722
14 0.732269 0.338056 0.003611 0.004722
14 0.808565 0.302431 0.003241 0.004861
14 0.803565 0.336806 0.003241 0.005000
14 0.802778 0.371806 0.003148 0.004722
14 0.751204 0.424931 0.003519 0.004861
14 0.773843 0.434931 0.003241 0.004583
14 0.779815 0.443056 0.004259 0.005556
14 0.745602 0.444653 0.003426 0.005417
14 0.751343 0.453681 0.003241 0.003750
14 0.779815 0.461528 0.003333 0.004444
14 0.802639 0.514931 0.003611 0.004861
14 0.768380 0.557292 0.003426 0.004583
14 0.775278 0.568542 0.003704 0.004306
14 0.746991 0.577153 0.003241 0.004583
14 0.768519 0.576806 0.003148 0.004722
14 0.786991 0.593681 0.003241 0.005139
14 0.768565 0.648681 0.003611 0.005417
14 0.801991 0.593681 0.003796 0.004583
15 0.509769 0.661806 0.004167 0.005278
15 0.578704 0.255556 0.004074 0.005000
15 0.616852 0.216181 0.004074 0.005417
15 0.660278 0.216042 0.003704 0.005139
15 0.704306 0.238542 0.003611 0.004583
15 0.722917 0.238681 0.003426 0.004306
15 0.789954 0.216042 0.003981 0.005417
15 0.819028 0.406181 0.003426 0.004861
15 0.819028 0.458681 0.003056 0.004861
15 0.819306 0.582639 0.003241 0.005278
15 0.790417 0.661806 0.003426 0.005000
15 0.762593 0.661806 0.002963 0.005278
15 0.719954 0.661806 0.003426 0.004722
15 0.686528 0.661806 0.003796 0.005000
15 0.654352 0.661806 0.004259 0.004722
15 0.632917 0.661806 0.003426 0.005556
15 0.604954 0.662014 0.003796 0.004861
15 0.578241 0.621806 0.003333 0.005000
15 0.578565 0.489931 0.003426 0.005139
15 0.578843 0.386806 0.003981 0.006111
15 0.679028 0.332014 0.003611 0.006528
15 0.689306 0.329792 0.003796 0.004583
15 0.702454 0.358056 0.003981 0.005278
15 0.679167 0.448056 0.003519 0.005278
15 0.709491 0.450556 0.003056 0.005278
15 0.709815 0.504931 0.003704 0.005694
15 0.679167 0.538681 0.003519 0.005694
15 0.709954 0.603681 0.003241 0.005139
15 0.726343 0.629931 0.003611 0.004861
16 0.215417 0.242014 0.010833 0.015139
16 0.212130 0.644514 0.011296 0.015139
16 0.426204 0.218056 0.012037 0.012500
16 0.492454 0.242431 0.010093 0.014028
16 0.491991 0.375556 0.009907 0.015000
16 0.537130 0.376042 0.011111 0.014028
16 0.499630 0.418403 0.009074 0.014306
16 0.514769 0.419306 0.008981 0.014722
16 0.529352 0.417431 0.009815 0.014306
16 0.537454 0.433056 0.009722 0.013889
16 0.492130 0.433681 0.009630 0.014861
16 0.444306 0.663542 0.017315 0.016528
16 0.489306 0.644931 0.011389 0.015694
16 0.469769 0.605556 0.009352 0.013056
16 0.504815 0.587639 0.013889 0.018889
16 0.592130 0.271181 0.009259 0.009861
16 0.617130 0.268681 0.007222 0.010694
16 0.625093 0.276181 0.006852 0.007917
16 0.612454 0.279931 0.006759 0.016806
16 0.639954 0.274653 0.008611 0.010972
16 0.622778 0.227153 0.006111 0.011806
16 0.649306 0.274931 0.007500 0.007917
16 0.675602 0.301181 0.007315 0.013194
16 0.596019 0.346806 0.007963 0.033611
16 0.638380 0.385417 0.008426 0.009444
16 0.649630 0.394167 0.006111 0.013611
16 0.657130 0.383681 0.010370 0.008194
16 0.675278 0.418681 0.006852 0.013194
16 0.596204 0.449931 0.007407 0.033194
16 0.622315 0.474931 0.004815 0.012639
16 0.640741 0.497431 0.005741 0.010972
16 0.596389 0.529931 0.004074 0.033472
16 0.675880 0.579167 0.005648 0.012778
16 0.616852 0.608889 0.008704 0.009722
16 0.639954 0.603056 0.008056 0.009444
16 0.649167 0.603681 0.008704 0.009583
16 0.623380 0.650556 0.005648 0.014167
16 0.732639 0.258056 0.007315 0.012500
16 0.741528 0.285556 0.008426 0.008056
16 0.696852 0.306806 0.008889 0.007500
16 0.735556 0.294653 0.003889 0.013750
16 0.742269 0.309931 0.008796 0.008472
16 0.753380 0.243056 0.009722 0.008333
16 0.765741 0.228056 0.005741 0.014167
16 0.732778 0.338681 0.005926 0.014306
16 0.713102 0.417431 0.006389 0.014583
16 0.752269 0.423681 0.008241 0.008472
16 0.745093 0.446528 0.004815 0.013056
16 0.712778 0.555556 0.005556 0.014444
16 0.714815 0.561806 0.005926 0.006944
16 0.747593 0.578125 0.008889 0.008750
16 0.767454 0.649306 0.006389 0.017222
16 0.769167 0.578542 0.009074 0.008750
16 0.768565 0.558681 0.009167 0.008194
16 0.775741 0.568403 0.006481 0.014583
16 0.787778 0.594306 0.010000 0.010278
16 0.801852 0.594931 0.009815 0.009583
16 0.801065 0.514306 0.004167 0.051389
16 0.780417 0.443542 0.007130 0.011806
16 0.779352 0.461181 0.005926 0.016806
16 0.750139 0.454931 0.008426 0.008194
16 0.773889 0.436181 0.010000 0.007361
16 0.800556 0.371806 0.003148 0.036389
16 0.800880 0.337431 0.003981 0.036528
16 0.808380 0.304167 0.015833 0.008611
17 0.540880 0.273542 0.007130 0.025694
17 0.541343 0.309514 0.005833 0.026528
17 0.541204 0.350278 0.004630 0.024722
17 0.514676 0.657431 0.016389 0.007917
17 0.600139 0.658056 0.023426 0.008611
17 0.632269 0.658056 0.020648 0.007222
17 0.655278 0.658264 0.019259 0.008750
17 0.686667 0.658542 0.020741 0.006250
17 0.719630 0.658056 0.032407 0.006944
17 0.762917 0.657778 0.018426 0.007222
17 0.790417 0.657431 0.016204 0.007917
17 0.817269 0.582431 0.004537 0.027361
17 0.816806 0.459167 0.004352 0.026944
17 0.817315 0.406667 0.006296 0.024444
17 0.791065 0.218403 0.012130 0.008472
17 0.660556 0.219306 0.016852 0.008333
17 0.618704 0.218403 0.011667 0.007083
17 0.581204 0.256181 0.006296 0.023750
17 0.581389 0.387778 0.004074 0.023611
17 0.581019 0.490556 0.004815 0.024444
17 0.581065 0.623403 0.005278 0.025972
17 0.677315 0.540903 0.005741 0.027639
17 0.677593 0.446806 0.005741 0.024722
17 0.677315 0.331806 0.005926 0.023056
17 0.726852 0.627431 0.016852 0.009306
17 0.712269 0.604306 0.005093 0.023889
17 0.711852 0.505417 0.005926 0.024444
17 0.712917 0.451806 0.006204 0.025556
17 0.703241 0.354931 0.018148 0.009583
17 0.692130 0.329931 0.005556 0.023750
17 0.703704 0.241667 0.015000 0.009167
17 0.723843 0.241806 0.017315 0.008611
