0 0.092130 0.234931 0.005000 0.010417
0 0.089815 0.255417 0.006667 0.008056
0 0.131343 0.379653 0.007315 0.007917
0 0.109028 0.504306 0.006389 0.006944
0 0.089769 0.617431 0.007315 0.006806
0 0.091991 0.638681 0.005278 0.010417
0 0.161991 0.289306 0.005278 0.010000
0 0.183102 0.302014 0.004537 0.009861
0 0.214630 0.468681 0.006667 0.007083
0 0.221389 0.469167 0.006852 0.006944
0 0.220880 0.591528 0.005278 0.009722
0 0.271389 0.609306 0.006852 0.007222
0 0.368241 0.232153 0.005185 0.010139
0 0.366019 0.252431 0.006852 0.006806
0 0.407315 0.376181 0.007222 0.006806
0 0.385139 0.501181 0.006574 0.007361
0 0.365556 0.614306 0.006852 0.007222
0 0.368056 0.635556 0.004815 0.010278
0 0.438102 0.286528 0.005463 0.010000
0 0.459352 0.298542 0.005000 0.010139
0 0.490741 0.466181 0.006481 0.006528
0 0.497454 0.465556 0.006759 0.006667
0 0.496806 0.588750 0.004907 0.010000
0 0.547639 0.606181 0.007500 0.006806
1 0.084306 0.234792 0.009352 0.010694
1 0.089630 0.266806 0.006667 0.013333
1 0.131528 0.329792 0.006389 0.012917
1 0.131806 0.390903 0.007500 0.014028
1 0.108843 0.492639 0.007500 0.013889
1 0.089769 0.606528 0.007130 0.014444
1 0.131667 0.536806 0.006667 0.013056
1 0.084306 0.638889 0.009352 0.011111
1 0.253519 0.253056 0.010000 0.009444
1 0.154167 0.289306 0.009444 0.010000
1 0.190417 0.301806 0.009907 0.010000
1 0.214769 0.457917 0.006944 0.013056
1 0.221343 0.458056 0.006759 0.013889
1 0.228380 0.591181 0.009537 0.009861
1 0.271806 0.598403 0.007130 0.014028
1 0.360556 0.231806 0.009259 0.010833
1 0.365741 0.263681 0.006667 0.014028
1 0.407315 0.387639 0.008148 0.014722
1 0.384769 0.489306 0.006574 0.014444
1 0.407454 0.533681 0.006019 0.012917
1 0.365880 0.603056 0.007130 0.014722
1 0.360556 0.635417 0.010000 0.010556
1 0.430093 0.286181 0.010185 0.010417
1 0.466343 0.298056 0.009722 0.009722
1 0.529630 0.249931 0.009444 0.009583
1 0.490556 0.454306 0.006852 0.015278
1 0.497454 0.454306 0.006389 0.014444
1 0.504352 0.588750 0.010000 0.010000
1 0.547778 0.594931 0.007037 0.012917
1 0.407639 0.326806 0.006574 0.014444
3 0.098889 0.228542 0.007778 0.023194
3 0.094630 0.245556 0.016296 0.011667
3 0.127593 0.368681 0.015185 0.011250
3 0.105093 0.481181 0.014815 0.011806
3 0.094306 0.628056 0.016389 0.011944
3 0.098704 0.644931 0.008148 0.022083
3 0.168565 0.295556 0.008241 0.022222
3 0.176204 0.295764 0.007778 0.022361
3 0.210602 0.478681 0.015278 0.012639
3 0.225278 0.479306 0.014630 0.012222
3 0.214167 0.585903 0.008148 0.022361
3 0.262315 0.619306 0.015370 0.011944
3 0.374630 0.225556 0.008148 0.022778
3 0.370417 0.241806 0.016389 0.012222
3 0.403565 0.365556 0.014722 0.011944
3 0.381065 0.478056 0.014722 0.011944
3 0.370278 0.624931 0.016667 0.012083
3 0.374954 0.641389 0.008056 0.021389
3 0.538241 0.616181 0.014815 0.011806
3 0.489769 0.582431 0.007685 0.022361
3 0.486806 0.475556 0.014722 0.011389
3 0.501204 0.476181 0.014815 0.011250
3 0.444352 0.292153 0.007963 0.022361
3 0.452130 0.292431 0.007778 0.022083
5 0.118889 0.358056 0.007778 0.010833
5 0.123380 0.505556 0.007315 0.010000
5 0.118843 0.514931 0.007315 0.010694
5 0.271667 0.263681 0.006481 0.010972
5 0.185880 0.357292 0.007500 0.010972
5 0.185880 0.489931 0.007500 0.011806
5 0.394769 0.354931 0.007685 0.011250
5 0.399815 0.502431 0.008148 0.011528
5 0.394815 0.511181 0.008148 0.011250
5 0.547778 0.261181 0.007037 0.010694
5 0.461667 0.354028 0.008333 0.010556
5 0.461991 0.486667 0.007315 0.010833
6 0.111806 0.329931 0.024722 0.030417
6 0.125741 0.442431 0.015185 0.034306
6 0.105880 0.544792 0.028426 0.029306
6 0.240556 0.283681 0.027593 0.026250
6 0.205880 0.383542 0.024722 0.026806
6 0.201343 0.522292 0.026574 0.027083
6 0.387454 0.327431 0.024722 0.026528
6 0.401991 0.440278 0.015093 0.031389
6 0.382454 0.542153 0.027315 0.026250
6 0.476343 0.518542 0.025278 0.026806
6 0.481991 0.380556 0.025093 0.026389
6 0.516806 0.280556 0.025648 0.026667
7 0.058843 0.231806 0.018241 0.030556
7 0.125139 0.245903 0.020463 0.028194
7 0.060463 0.377431 0.019074 0.029583
7 0.058380 0.496389 0.018796 0.029722
7 0.059815 0.642431 0.019074 0.030972
7 0.125602 0.627917 0.021759 0.028333
7 0.159491 0.261528 0.020093 0.028889
7 0.171667 0.337431 0.019074 0.029861
7 0.186667 0.470903 0.018519 0.032083
7 0.257269 0.471042 0.019167 0.030694
7 0.257778 0.554306 0.018704 0.029444
7 0.200880 0.604306 0.020278 0.028889
7 0.335093 0.228681 0.019259 0.030972
7 0.401528 0.243056 0.020463 0.028611
7 0.336343 0.374167 0.018981 0.029722
7 0.334028 0.492431 0.017870 0.028750
7 0.335741 0.638681 0.018148 0.029028
7 0.401667 0.624514 0.020741 0.027361
7 0.435417 0.258403 0.021389 0.027361
7 0.447917 0.335903 0.018981 0.030139
7 0.462917 0.468056 0.018056 0.031944
7 0.533380 0.468681 0.018426 0.032917
7 0.533843 0.552153 0.018241 0.030139
7 0.476991 0.601389 0.019537 0.027500
9 0.071343 0.357639 0.019167 0.011111
9 0.075602 0.411806 0.018241 0.011667
9 0.073102 0.515764 0.019722 0.008750
9 0.226343 0.347431 0.018611 0.011806
9 0.242130 0.418264 0.019259 0.011250
9 0.239167 0.535556 0.018148 0.010000
9 0.347454 0.354306 0.018241 0.011667
9 0.351806 0.408681 0.018611 0.010972
9 0.349306 0.512153 0.018426 0.010139
9 0.502454 0.343681 0.018981 0.010972
9 0.518519 0.414931 0.018704 0.011528
9 0.515139 0.531806 0.018611 0.010000
10 0.073241 0.303889 0.036852 0.027778
10 0.076806 0.452153 0.036759 0.026806
10 0.073565 0.569653 0.036389 0.027361
10 0.238380 0.501042 0.037685 0.027917
10 0.236019 0.368056 0.038148 0.027500
10 0.223843 0.317778 0.036389 0.025833
10 0.349352 0.301181 0.038148 0.027639
10 0.352917 0.448681 0.037130 0.027639
10 0.349630 0.566806 0.037222 0.027222
10 0.514630 0.498056 0.037407 0.027500
10 0.512454 0.364306 0.036944 0.027778
10 0.500093 0.313681 0.036852 0.028194
10 0.779167 0.574931 0.024444 0.034583
10 0.779167 0.513681 0.024630 0.037361
10 0.779167 0.451667 0.024630 0.036389
10 0.779491 0.389931 0.024352 0.035694
10 0.781019 0.329306 0.021852 0.039167
10 0.779491 0.283056 0.023981 0.036667
10 0.710093 0.298056 0.045926 0.034444
10 0.634954 0.284306 0.023981 0.061667
11 0.083380 0.222431 0.003981 0.005694
11 0.100417 0.269028 0.003981 0.005000
11 0.123704 0.393681 0.003889 0.005417
11 0.097778 0.609931 0.004259 0.005417
11 0.083241 0.651389 0.002963 0.005278
11 0.182454 0.288056 0.003056 0.005833
11 0.163565 0.302431 0.003611 0.005139
11 0.205741 0.458056 0.003333 0.004444
11 0.235741 0.455278 0.003519 0.004722
11 0.230880 0.579931 0.003611 0.004861
11 0.265602 0.594931 0.003241 0.005417
11 0.359028 0.648542 0.003056 0.004583
11 0.367454 0.618056 0.003426 0.005278
11 0.375880 0.503889 0.003426 0.004722
11 0.400139 0.389931 0.003611 0.004861
11 0.376343 0.253264 0.003056 0.005972
11 0.359954 0.218681 0.002870 0.005139
11 0.543843 0.591181 0.003241 0.003750
11 0.511343 0.472917 0.003796 0.005556
11 0.482130 0.458056 0.003519 0.005000
11 0.467593 0.284931 0.003333 0.005417
11 0.439769 0.299306 0.003611 0.004444
12 0.105417 0.284931 0.002870 0.004861
12 0.089306 0.461181 0.003241 0.004583
12 0.105556 0.579931 0.002963 0.004583
12 0.209167 0.279931 0.003333 0.005139
12 0.196019 0.418056 0.003519 0.006111
12 0.201991 0.557431 0.003426 0.004306
12 0.381204 0.577431 0.003519 0.005139
12 0.386991 0.458264 0.003056 0.005139
12 0.381204 0.281806 0.003519 0.005556
12 0.485417 0.276806 0.002870 0.005556
12 0.475880 0.416528 0.002870 0.004722
12 0.478102 0.553681 0.003241 0.004861
13 0.108102 0.284931 0.003426 0.005417
13 0.091991 0.461181 0.003981 0.005417
13 0.108241 0.579931 0.003148 0.004583
13 0.204954 0.557431 0.003796 0.005694
13 0.199167 0.417917 0.003704 0.005556
13 0.211991 0.279931 0.003611 0.006528
13 0.384028 0.282292 0.003611 0.006250
13 0.389769 0.458056 0.003426 0.005556
13 0.384213 0.577431 0.003426 0.005139
13 0.488102 0.276667 0.003796 0.006667
13 0.478704 0.416528 0.003889 0.004444
13 0.480880 0.554306 0.003241 0.005278
14 0.079954 0.224931 0.003241 0.004583
14 0.074815 0.267639 0.003148 0.004722
14 0.097593 0.273681 0.003148 0.004306
14 0.107315 0.273681 0.002963 0.004028
14 0.052917 0.344931 0.003611 0.005694
14 0.134769 0.299931 0.003241 0.005417
14 0.094352 0.381528 0.000000 0.000278
14 0.096204 0.384931 0.003704 0.005139
14 0.109352 0.391806 0.003889 0.005000
14 0.119630 0.389931 0.003333 0.005139
14 0.134815 0.417431 0.003333 0.004583
14 0.053241 0.447431 0.003519 0.004583
14 0.080556 0.473681 0.003148 0.004028
14 0.097778 0.494306 0.003148 0.004444
14 0.052917 0.528542 0.003056 0.004861
14 0.134630 0.574931 0.003148 0.004861
14 0.069954 0.592431 0.003056 0.004583
14 0.074954 0.605903 0.003056 0.005694
14 0.080139 0.647431 0.003426 0.004861
14 0.097778 0.599931 0.003333 0.005139
14 0.107315 0.599931 0.003333 0.005139
14 0.194954 0.271181 0.003611 0.005417
14 0.199769 0.284931 0.003611 0.004583
14 0.195093 0.293542 0.003333 0.005139
14 0.199954 0.306806 0.003426 0.004167
14 0.195093 0.320764 0.003148 0.004028
14 0.154954 0.307014 0.003796 0.005139
14 0.210741 0.239931 0.003333 0.004861
14 0.224815 0.224931 0.003333 0.005139
14 0.266667 0.300417 0.003889 0.005278
14 0.261528 0.341667 0.003241 0.005556
14 0.170417 0.414931 0.003611 0.004583
14 0.210093 0.423056 0.003333 0.004444
14 0.261204 0.370417 0.003519 0.005000
14 0.203565 0.444306 0.003611 0.005000
14 0.209954 0.451181 0.003241 0.005139
14 0.238241 0.444028 0.003519 0.005000
14 0.238241 0.459931 0.002963 0.004861
14 0.170139 0.553056 0.003611 0.004444
14 0.261343 0.513542 0.003241 0.005139
14 0.204954 0.574931 0.003611 0.004861
14 0.228241 0.574306 0.003333 0.004444
14 0.245417 0.591528 0.003426 0.005278
14 0.260278 0.591806 0.003333 0.005278
14 0.226528 0.646667 0.003426 0.004444
14 0.356065 0.222431 0.003426 0.005139
14 0.326019 0.264167 0.003148 0.004167
14 0.350880 0.264306 0.003241 0.004444
14 0.346204 0.277431 0.003889 0.005139
14 0.374167 0.270556 0.002963 0.005278
14 0.383704 0.270903 0.003519 0.004583
14 0.410741 0.296181 0.002963 0.005417
14 0.329028 0.341181 0.003241 0.005139
14 0.372269 0.381806 0.003426 0.004722
14 0.390741 0.378056 0.003333 0.005000
14 0.385417 0.388264 0.003611 0.005139
14 0.396065 0.385556 0.003241 0.004444
14 0.410741 0.413681 0.003148 0.004861
14 0.329028 0.445556 0.003426 0.005556
14 0.356204 0.470278 0.003148 0.004722
14 0.373704 0.489306 0.003148 0.004167
14 0.328380 0.525556 0.003426 0.005278
14 0.410556 0.571806 0.003148 0.005000
14 0.345741 0.589792 0.003519 0.004306
14 0.326204 0.602639 0.002778 0.005278
14 0.350741 0.602431 0.003148 0.004583
14 0.373380 0.596806 0.003426 0.004722
14 0.383704 0.596806 0.003519 0.005833
14 0.356204 0.644931 0.002963 0.005417
14 0.466019 0.253542 0.003519 0.005694
14 0.475926 0.281806 0.003148 0.005000
14 0.475741 0.303681 0.003148 0.004583
14 0.431204 0.303056 0.003333 0.004167
14 0.465880 0.333056 0.003426 0.004444
14 0.486991 0.236806 0.003241 0.004722
14 0.500741 0.222917 0.003333 0.004167
14 0.446204 0.411528 0.003148 0.005278
14 0.486204 0.419653 0.003519 0.004861
14 0.536852 0.366181 0.002963 0.006250
14 0.537315 0.331181 0.003333 0.005139
14 0.539167 0.296806 0.003333 0.005278
14 0.471343 0.289792 0.003241 0.004583
14 0.446204 0.549792 0.003519 0.004583
14 0.479491 0.440764 0.003056 0.004861
14 0.484306 0.448056 0.002685 0.005278
14 0.513843 0.456806 0.003241 0.004167
14 0.513889 0.438542 0.002778 0.004861
14 0.537778 0.509931 0.003148 0.006250
14 0.503102 0.552639 0.003241 0.005000
14 0.509167 0.563056 0.003519 0.004444
14 0.503380 0.571181 0.003426 0.005139
14 0.481204 0.571667 0.003333 0.005556
14 0.521204 0.588264 0.003704 0.004861
14 0.536204 0.587917 0.003519 0.005556
14 0.502593 0.643542 0.002778 0.005139
14 0.778519 0.237153 0.003148 0.005417
14 0.780093 0.643542 0.003704 0.005417
15 0.075093 0.214167 0.004259 0.006389
15 0.037454 0.253681 0.004537 0.005694
15 0.118380 0.213681 0.004352 0.005694
15 0.038102 0.384931 0.004537 0.005694
15 0.048565 0.433403 0.004167 0.005694
15 0.038241 0.488403 0.004444 0.006528
15 0.048380 0.543056 0.003796 0.005833
15 0.036806 0.619931 0.004537 0.006250
15 0.062639 0.659306 0.003611 0.005556
15 0.090926 0.659792 0.004074 0.005417
15 0.111806 0.659931 0.003796 0.005417
15 0.144491 0.659653 0.003611 0.005694
15 0.178380 0.659653 0.004167 0.005139
15 0.168102 0.601806 0.003426 0.005556
15 0.184167 0.628403 0.004074 0.005417
15 0.220093 0.659306 0.003333 0.005000
15 0.137130 0.536528 0.003889 0.006111
15 0.167593 0.503056 0.003333 0.004722
15 0.136991 0.445556 0.003426 0.005556
15 0.167454 0.448889 0.003981 0.005278
15 0.136852 0.329792 0.003704 0.005417
15 0.146806 0.327431 0.003611 0.005972
15 0.160602 0.356181 0.003426 0.006806
15 0.048102 0.330417 0.004352 0.006667
15 0.162269 0.236181 0.004167 0.005139
15 0.180741 0.236528 0.003704 0.004722
15 0.248704 0.659931 0.003889 0.006250
15 0.275880 0.580417 0.003796 0.007222
15 0.276065 0.456806 0.003241 0.006667
15 0.248519 0.214167 0.003889 0.005556
15 0.316991 0.616181 0.003426 0.005972
15 0.338704 0.656181 0.003148 0.005417
15 0.367130 0.656181 0.003148 0.005139
15 0.388380 0.656389 0.003611 0.004722
15 0.420602 0.656181 0.003611 0.004861
15 0.454167 0.656181 0.004074 0.005417
15 0.496343 0.656181 0.003796 0.004306
15 0.524491 0.656181 0.003981 0.004583
15 0.548843 0.577292 0.003426 0.005694
15 0.548843 0.453542 0.003611 0.005694
15 0.553056 0.400556 0.002963 0.006667
15 0.524491 0.211042 0.003611 0.004861
15 0.456852 0.233056 0.003148 0.004722
15 0.438102 0.233056 0.003611 0.004722
15 0.394352 0.210556 0.004259 0.004167
15 0.351019 0.210556 0.003704 0.005000
15 0.316991 0.250556 0.002870 0.005278
15 0.413102 0.326806 0.004352 0.005278
15 0.423380 0.324306 0.003981 0.006111
15 0.436343 0.352431 0.003056 0.005417
15 0.413056 0.442431 0.003148 0.005417
15 0.413102 0.533264 0.003796 0.006528
15 0.444167 0.598681 0.003333 0.005139
15 0.459954 0.624931 0.003426 0.005694
15 0.443380 0.499792 0.003241 0.004861
15 0.443565 0.445556 0.003426 0.005556
15 0.316991 0.484931 0.003981 0.005417
15 0.316852 0.381806 0.003704 0.005833
15 0.774167 0.656667 0.003704 0.006389
15 0.802130 0.656528 0.004074 0.006111
15 0.801852 0.210556 0.003704 0.006111
16 0.049676 0.268681 0.008611 0.010139
16 0.071065 0.277292 0.005648 0.019306
16 0.074954 0.266181 0.008056 0.008472
16 0.083056 0.274306 0.007222 0.006111
16 0.098056 0.272431 0.008333 0.009306
16 0.107454 0.272431 0.008611 0.008750
16 0.080880 0.224931 0.005278 0.012083
16 0.134167 0.299653 0.005185 0.015694
16 0.054352 0.344306 0.004815 0.033611
16 0.096667 0.383681 0.009444 0.009861
16 0.108704 0.392431 0.006667 0.013472
16 0.114630 0.383056 0.010185 0.008333
16 0.120741 0.391181 0.005741 0.014306
16 0.133843 0.416181 0.006759 0.014306
16 0.054306 0.449306 0.003796 0.036111
16 0.078056 0.466042 0.000185 0.000417
16 0.079167 0.472917 0.005370 0.014444
16 0.098380 0.495556 0.005648 0.014167
16 0.054815 0.528681 0.006296 0.036528
16 0.134306 0.576181 0.007870 0.016528
16 0.070139 0.596806 0.005648 0.020833
16 0.050278 0.604306 0.010370 0.010000
16 0.075556 0.607431 0.009259 0.009861
16 0.080602 0.648681 0.005278 0.013472
16 0.097593 0.601181 0.008519 0.010417
16 0.107130 0.601181 0.008889 0.010694
16 0.225741 0.646806 0.006296 0.016389
16 0.260278 0.594167 0.010370 0.011944
16 0.245417 0.592431 0.009537 0.011806
16 0.226991 0.576181 0.007870 0.009583
16 0.226667 0.556806 0.009815 0.010000
16 0.233843 0.566528 0.007130 0.015833
16 0.205741 0.576181 0.009630 0.008750
16 0.173380 0.559931 0.006944 0.006250
16 0.170417 0.553681 0.006019 0.015694
16 0.258380 0.514167 0.004722 0.053333
16 0.239306 0.440556 0.006389 0.014444
16 0.232269 0.434931 0.009352 0.008472
16 0.209352 0.421806 0.009074 0.006944
16 0.202593 0.443681 0.005926 0.012639
16 0.207917 0.452917 0.008796 0.008889
16 0.236343 0.459514 0.005648 0.013472
16 0.170880 0.415278 0.005648 0.013333
16 0.258704 0.371181 0.005741 0.036250
16 0.258565 0.335556 0.003796 0.036667
16 0.266667 0.301806 0.017407 0.008889
16 0.199815 0.308056 0.009259 0.008889
16 0.199769 0.283403 0.008241 0.009306
16 0.154815 0.304931 0.007778 0.008194
16 0.191065 0.256181 0.006389 0.015694
16 0.210741 0.242014 0.009444 0.008750
16 0.225880 0.226181 0.006389 0.015694
16 0.229954 0.249931 0.008241 0.008750
16 0.190880 0.336806 0.007870 0.015000
16 0.194491 0.293403 0.005833 0.015694
16 0.356204 0.221181 0.008148 0.013194
16 0.351389 0.263542 0.009074 0.010694
16 0.326667 0.264931 0.009259 0.009583
16 0.346991 0.275417 0.006204 0.018333
16 0.358704 0.271806 0.009259 0.006667
16 0.374028 0.268403 0.008796 0.009861
16 0.383056 0.268056 0.008519 0.008611
16 0.410139 0.296181 0.006389 0.013194
16 0.330417 0.341181 0.007685 0.034028
16 0.372778 0.381181 0.011296 0.012639
16 0.384769 0.389167 0.006389 0.013056
16 0.390741 0.378681 0.009630 0.009028
16 0.397130 0.387778 0.006111 0.013889
16 0.410278 0.413056 0.005370 0.015278
16 0.331065 0.445278 0.005833 0.035556
16 0.355556 0.469931 0.005741 0.014028
16 0.374491 0.492639 0.005648 0.013611
16 0.409769 0.573056 0.005278 0.015000
16 0.330880 0.525556 0.006204 0.037778
16 0.326204 0.601181 0.010556 0.011806
16 0.346528 0.592431 0.007685 0.017639
16 0.351343 0.603889 0.009722 0.009722
16 0.358843 0.594931 0.007315 0.007639
16 0.373565 0.597431 0.008241 0.008472
16 0.382639 0.598056 0.008611 0.008611
16 0.356806 0.646042 0.005648 0.012917
16 0.503889 0.644931 0.006111 0.014861
16 0.446667 0.549931 0.006296 0.013472
16 0.448704 0.556806 0.008148 0.006667
16 0.481065 0.573056 0.009167 0.009167
16 0.446852 0.412153 0.005741 0.014028
16 0.431065 0.302431 0.009352 0.009028
16 0.466991 0.333681 0.007500 0.013194
16 0.476204 0.305417 0.009074 0.009444
16 0.470417 0.289167 0.004907 0.012778
16 0.475741 0.279792 0.008333 0.009583
16 0.466389 0.253056 0.006111 0.017222
16 0.486528 0.238403 0.010093 0.009306
16 0.500093 0.223681 0.006111 0.014583
16 0.542917 0.297153 0.016389 0.014306
16 0.534630 0.330556 0.003333 0.035000
16 0.534815 0.368056 0.005000 0.034444
16 0.485741 0.418542 0.009630 0.008194
16 0.478426 0.441806 0.006111 0.014444
16 0.483704 0.450417 0.009815 0.009444
16 0.513056 0.456528 0.006296 0.013889
16 0.507917 0.431806 0.009722 0.008333
16 0.514954 0.437639 0.006204 0.015000
16 0.503102 0.573056 0.009537 0.009167
16 0.509815 0.564792 0.006296 0.013194
16 0.502454 0.554167 0.009907 0.010556
16 0.521852 0.589306 0.010741 0.010833
16 0.536204 0.589653 0.010556 0.010972
16 0.534815 0.510556 0.006111 0.054444
16 0.779028 0.643681 0.007500 0.017639
16 0.777269 0.238056 0.007685 0.015278
17 0.039028 0.254306 0.004352 0.023611
17 0.075741 0.217431 0.010185 0.006250
17 0.118380 0.217639 0.014167 0.006389
17 0.248889 0.216806 0.009815 0.008056
17 0.047917 0.327153 0.012130 0.007917
17 0.039167 0.385556 0.005185 0.021389
17 0.048843 0.429931 0.013611 0.006528
17 0.039491 0.488542 0.005833 0.021806
17 0.048241 0.546528 0.011667 0.006667
17 0.039306 0.620556 0.003611 0.021667
17 0.058380 0.656042 0.024722 0.008472
17 0.090880 0.656042 0.016204 0.005694
17 0.113565 0.655556 0.017130 0.005556
17 0.145093 0.654792 0.021667 0.009028
17 0.178426 0.655625 0.031111 0.006250
17 0.221204 0.654931 0.018704 0.007361
17 0.248426 0.655556 0.018148 0.005833
17 0.275278 0.582153 0.007037 0.025694
17 0.274769 0.458681 0.006019 0.025694
17 0.274954 0.406181 0.006019 0.027639
17 0.181065 0.239514 0.015833 0.008750
17 0.162639 0.239792 0.015463 0.007083
17 0.134769 0.331181 0.005463 0.023750
17 0.148704 0.327917 0.005741 0.023056
17 0.160556 0.352431 0.015185 0.006528
17 0.135093 0.447153 0.004444 0.024306
17 0.169954 0.449167 0.004537 0.025556
17 0.167917 0.504306 0.007685 0.023611
17 0.134769 0.536389 0.003981 0.021389
17 0.169630 0.602778 0.005741 0.021944
17 0.184769 0.625556 0.016389 0.008333
17 0.315556 0.618681 0.005370 0.024306
17 0.334028 0.654167 0.022315 0.007778
17 0.366343 0.653056 0.016574 0.006111
17 0.389306 0.653264 0.015463 0.006250
17 0.421343 0.653056 0.020648 0.006389
17 0.447454 0.652431 0.016204 0.006528
17 0.496065 0.653056 0.015463 0.008611
17 0.525556 0.652778 0.017963 0.006944
17 0.551019 0.578056 0.005741 0.024167
17 0.550741 0.454931 0.005185 0.023472
17 0.551019 0.401806 0.005185 0.024167
17 0.524630 0.213681 0.011111 0.005972
17 0.456806 0.236042 0.015093 0.006806
17 0.439028 0.236806 0.016204 0.006667
17 0.394630 0.214514 0.015000 0.005972
17 0.351806 0.213681 0.010463 0.004583
17 0.314954 0.251042 0.004167 0.023750
17 0.323380 0.322431 0.013611 0.006806
17 0.315741 0.383542 0.003889 0.022083
17 0.323380 0.426528 0.013796 0.006389
17 0.315139 0.486181 0.004352 0.022639
17 0.323565 0.541806 0.014352 0.006667
17 0.461019 0.621875 0.018148 0.006250
17 0.445417 0.599167 0.004537 0.024167
17 0.411343 0.533056 0.005648 0.023056
17 0.445417 0.501667 0.004167 0.023611
17 0.411065 0.444306 0.005463 0.021944
17 0.446204 0.446181 0.004815 0.025139
17 0.435417 0.348681 0.013056 0.005694
17 0.411528 0.327431 0.005093 0.023472
17 0.425417 0.325556 0.004537 0.025556
17 0.801528 0.214931 0.009537 0.006528
17 0.802593 0.653056 0.016296 0.006111
17 0.774352 0.652431 0.016852 0.006528
