0 0.143843 0.260417 0.013426 0.014167
0 0.171806 0.253403 0.008611 0.019583
0 0.319167 0.309792 0.008333 0.020694
0 0.481667 0.375625 0.008704 0.018750
0 0.642639 0.253681 0.009352 0.021528
0 0.669352 0.260556 0.013148 0.013056
0 0.206204 0.636806 0.012222 0.013611
0 0.365741 0.619306 0.008704 0.019722
0 0.365278 0.639306 0.009259 0.021667
0 0.183056 0.785417 0.008148 0.019167
0 0.582315 0.526806 0.013148 0.015278
0 0.598380 0.465556 0.013241 0.013611
1 0.144306 0.238056 0.013056 0.027222
1 0.186806 0.253056 0.017685 0.019167
1 0.277269 0.376181 0.016759 0.015139
1 0.334352 0.309931 0.017222 0.019583
1 0.466806 0.375903 0.017685 0.018472
1 0.628056 0.253542 0.017222 0.018194
1 0.669352 0.238125 0.012222 0.026250
1 0.546343 0.376806 0.015648 0.018056
1 0.598380 0.442639 0.012315 0.027500
1 0.582454 0.548056 0.013056 0.027500
1 0.645602 0.733056 0.011759 0.025556
1 0.487315 0.497778 0.015926 0.017222
1 0.379213 0.619306 0.017500 0.018611
1 0.379352 0.638681 0.017222 0.018194
1 0.321667 0.497639 0.016667 0.017500
1 0.205278 0.659028 0.012593 0.027778
1 0.197130 0.785556 0.017963 0.018333
3 0.136204 0.279306 0.028519 0.020278
3 0.158056 0.267431 0.014815 0.047083
3 0.349167 0.298264 0.015000 0.042639
3 0.495278 0.364306 0.015370 0.043889
3 0.655463 0.266806 0.015000 0.048056
3 0.677454 0.279306 0.028981 0.021111
3 0.213241 0.617153 0.028519 0.021806
3 0.169815 0.758403 0.014815 0.041806
3 0.351667 0.607431 0.014630 0.041806
3 0.351991 0.650556 0.014167 0.041111
3 0.590417 0.506667 0.027685 0.022778
3 0.590093 0.484028 0.028333 0.021944
5 0.317917 0.352431 0.012500 0.022083
5 0.508704 0.339028 0.013148 0.020000
5 0.631204 0.784931 0.013889 0.017917
5 0.510880 0.534931 0.012500 0.019861
5 0.337917 0.534653 0.011944 0.019306
5 0.304769 0.338542 0.011574 0.018194
6 0.265556 0.301181 0.034815 0.071528
6 0.399028 0.359306 0.041759 0.040833
6 0.544630 0.316667 0.032407 0.072500
6 0.606065 0.694306 0.033241 0.072500
6 0.475602 0.593681 0.033426 0.071250
6 0.297593 0.578542 0.035370 0.071806
7 0.140278 0.166042 0.036667 0.048472
7 0.159167 0.357431 0.033704 0.053194
7 0.329815 0.161181 0.036111 0.048194
7 0.484676 0.167431 0.036389 0.049028
7 0.674028 0.163681 0.035833 0.049861
7 0.655278 0.358056 0.033333 0.054722
7 0.189028 0.577431 0.032500 0.054028
7 0.254167 0.744931 0.036111 0.048194
7 0.362454 0.744306 0.036944 0.049444
7 0.362778 0.537431 0.036852 0.049028
7 0.534815 0.493264 0.037037 0.049028
7 0.635278 0.457431 0.033889 0.056528
9 0.523889 0.653681 0.012963 0.050694
9 0.430926 0.699792 0.013889 0.050417
9 0.278889 0.690417 0.012963 0.050556
9 0.305278 0.203681 0.013889 0.051250
9 0.439352 0.212778 0.012963 0.050556
9 0.509167 0.200278 0.013148 0.051111
10 0.580139 0.206181 0.034352 0.110139
10 0.385926 0.214792 0.034074 0.105972
10 0.233704 0.206181 0.033704 0.107361
10 0.324167 0.689306 0.036667 0.108333
10 0.497130 0.682014 0.034815 0.107361
10 0.562778 0.644931 0.035185 0.107639
11 0.127778 0.234028 0.006111 0.009444
11 0.166852 0.258264 0.005741 0.008750
11 0.315880 0.283681 0.004907 0.009028
11 0.463380 0.354931 0.005648 0.008472
11 0.641528 0.283542 0.005648 0.009583
11 0.686343 0.236667 0.005278 0.009722
11 0.202454 0.774306 0.005833 0.009167
11 0.356667 0.679028 0.006481 0.010000
11 0.375093 0.593056 0.005556 0.009167
11 0.600139 0.551181 0.005463 0.008472
11 0.581667 0.469931 0.005370 0.008194
12 0.219954 0.299306 0.005463 0.008611
12 0.375139 0.315764 0.005278 0.008750
12 0.603889 0.299306 0.006111 0.008333
12 0.611065 0.603125 0.005833 0.008750
12 0.429352 0.575556 0.006296 0.008333
12 0.250093 0.582431 0.005926 0.008472
13 0.250278 0.590139 0.006111 0.009722
13 0.429352 0.583681 0.006296 0.009306
13 0.611065 0.611181 0.006389 0.009028
13 0.603704 0.307153 0.006481 0.009861
13 0.375278 0.324306 0.006296 0.010278
13 0.219954 0.307639 0.006204 0.010000
14 0.187454 0.138264 0.006204 0.008750
14 0.204306 0.194931 0.006759 0.009028
14 0.187176 0.209931 0.006389 0.009306
14 0.132454 0.225278 0.005648 0.009444
14 0.194815 0.276181 0.005741 0.008194
14 0.194954 0.305556 0.006019 0.008611
14 0.226991 0.384931 0.005648 0.008194
14 0.286852 0.144653 0.006296 0.009306
14 0.334630 0.277153 0.005741 0.008750
14 0.359352 0.225556 0.006111 0.009444
14 0.391667 0.144931 0.005741 0.009306
14 0.433519 0.384792 0.005556 0.009028
14 0.469306 0.342778 0.005648 0.009167
14 0.466204 0.311181 0.005926 0.008194
14 0.479815 0.326181 0.005185 0.009306
14 0.474028 0.271806 0.006204 0.008056
14 0.527315 0.146042 0.007037 0.008194
14 0.585417 0.384931 0.005833 0.008750
14 0.618843 0.277431 0.005833 0.010139
14 0.618843 0.305556 0.005648 0.010000
14 0.681667 0.224931 0.006667 0.008472
14 0.627454 0.209931 0.005833 0.009583
14 0.609306 0.195556 0.005278 0.009167
14 0.627315 0.137292 0.005741 0.008194
14 0.134491 0.653681 0.006019 0.009306
14 0.206528 0.751181 0.005278 0.008472
14 0.206204 0.708056 0.005556 0.009444
14 0.227917 0.654931 0.006019 0.009028
14 0.238843 0.672639 0.006204 0.010000
14 0.252269 0.654792 0.005648 0.009306
14 0.227593 0.591181 0.005741 0.009028
14 0.256389 0.488681 0.006111 0.009583
14 0.307454 0.756528 0.005833 0.009722
14 0.435741 0.488056 0.006296 0.009444
14 0.398241 0.586181 0.005741 0.008750
14 0.388056 0.600417 0.005741 0.008611
14 0.425093 0.605139 0.005741 0.010000
14 0.376806 0.685556 0.006019 0.010000
14 0.401343 0.685556 0.006204 0.008333
14 0.494954 0.754306 0.005833 0.009722
14 0.539954 0.755556 0.005833 0.009444
14 0.584491 0.760417 0.005833 0.008056
14 0.662639 0.608264 0.005648 0.008472
14 0.681204 0.648681 0.005926 0.009306
14 0.641343 0.546667 0.005648 0.009167
14 0.604491 0.575278 0.005463 0.009722
14 0.575926 0.575556 0.006111 0.008333
14 0.537593 0.546250 0.006111 0.010000
14 0.576389 0.445278 0.006111 0.009167
14 0.594815 0.561806 0.005741 0.009722
15 0.117917 0.173681 0.007315 0.010694
15 0.169306 0.111528 0.007315 0.009722
15 0.340139 0.110903 0.006574 0.010417
15 0.474167 0.110417 0.007222 0.009444
15 0.645139 0.110556 0.007315 0.009722
15 0.696528 0.209931 0.006759 0.010694
15 0.697130 0.336667 0.006481 0.011944
15 0.668241 0.465556 0.007222 0.010556
15 0.668056 0.519653 0.006852 0.010417
15 0.696528 0.718681 0.005833 0.009861
15 0.449630 0.801181 0.006852 0.010417
15 0.381343 0.788681 0.006944 0.010694
15 0.220417 0.789306 0.006944 0.010833
15 0.117454 0.716806 0.006759 0.011111
15 0.117639 0.635556 0.006389 0.010278
15 0.117454 0.511667 0.006019 0.011389
15 0.158380 0.529306 0.006204 0.009167
15 0.192454 0.481806 0.007685 0.008611
15 0.117593 0.413264 0.006296 0.010139
15 0.117315 0.319306 0.006852 0.010556
15 0.117593 0.256806 0.006111 0.012222
15 0.277639 0.391667 0.007315 0.010000
15 0.321343 0.481181 0.006759 0.010417
15 0.391852 0.481181 0.007222 0.009306
15 0.395741 0.391806 0.007593 0.010556
15 0.546065 0.391667 0.007315 0.008056
15 0.548889 0.421181 0.006852 0.010139
15 0.512130 0.459792 0.005926 0.010417
16 0.189630 0.137778 0.008889 0.021944
16 0.201204 0.198681 0.023519 0.014306
16 0.185741 0.209931 0.010185 0.022083
16 0.132593 0.228542 0.016667 0.012917
16 0.197269 0.235556 0.007500 0.018056
16 0.193843 0.277431 0.009722 0.022361
16 0.193241 0.304306 0.008333 0.020000
16 0.225880 0.381806 0.016759 0.012500
16 0.288380 0.152431 0.043241 0.007639
16 0.331528 0.279931 0.015463 0.013472
16 0.360741 0.222014 0.015000 0.013750
16 0.392917 0.151806 0.044167 0.008056
16 0.434491 0.381181 0.018056 0.016250
16 0.467778 0.346250 0.014630 0.012500
16 0.476667 0.326181 0.010185 0.030139
16 0.465417 0.308056 0.015648 0.010833
16 0.476852 0.273056 0.008704 0.024167
16 0.528380 0.151806 0.046944 0.009444
16 0.624630 0.137431 0.007222 0.024583
16 0.682917 0.228681 0.015278 0.013472
16 0.616991 0.234653 0.006759 0.017083
16 0.621806 0.278056 0.008241 0.023333
16 0.621806 0.305417 0.008611 0.020556
16 0.587454 0.381181 0.016759 0.014028
16 0.613426 0.200625 0.023889 0.016250
16 0.629630 0.209931 0.010000 0.022639
16 0.642639 0.550903 0.015278 0.013750
16 0.607315 0.575417 0.008889 0.023056
16 0.594630 0.558056 0.014444 0.013611
16 0.573704 0.575556 0.009074 0.021389
16 0.537593 0.551181 0.016111 0.014306
16 0.660278 0.607431 0.008889 0.025694
16 0.681667 0.644931 0.016852 0.014583
16 0.578241 0.444167 0.010370 0.021944
16 0.133426 0.657917 0.017963 0.016944
16 0.203519 0.752431 0.008704 0.024861
16 0.203102 0.709931 0.010278 0.028194
16 0.237454 0.676806 0.017315 0.015556
16 0.250139 0.654931 0.010278 0.027639
16 0.224769 0.655556 0.009722 0.026667
16 0.224954 0.591181 0.009722 0.024861
16 0.246389 0.497917 0.007778 0.019444
16 0.255880 0.491806 0.018426 0.012500
16 0.378056 0.682431 0.017593 0.014861
16 0.402130 0.689931 0.019259 0.016528
16 0.409491 0.671042 0.009352 0.029306
16 0.425741 0.604931 0.011481 0.029306
16 0.397454 0.583681 0.016389 0.014583
16 0.385278 0.601528 0.008148 0.025278
16 0.435278 0.491181 0.018148 0.015139
16 0.310093 0.748056 0.071296 0.011944
16 0.493704 0.747917 0.046296 0.011111
16 0.539954 0.747292 0.045463 0.011806
16 0.582593 0.772153 0.013148 0.044306
17 0.121389 0.160417 0.007778 0.063611
17 0.169954 0.104306 0.029167 0.009722
17 0.122593 0.257153 0.006481 0.044306
17 0.122454 0.320764 0.006204 0.047639
17 0.122130 0.414931 0.005556 0.059306
17 0.123056 0.512292 0.007407 0.085694
17 0.122593 0.636181 0.006667 0.044028
17 0.122269 0.717431 0.007315 0.044028
17 0.220741 0.795278 0.026481 0.010000
17 0.381991 0.795139 0.026019 0.009722
17 0.449630 0.795556 0.026852 0.008056
17 0.691991 0.718056 0.008056 0.028056
17 0.662917 0.521528 0.007870 0.049444
17 0.663519 0.466806 0.007222 0.043889
17 0.692917 0.339653 0.006944 0.047361
17 0.691991 0.211875 0.006944 0.026250
17 0.645093 0.104931 0.027778 0.010417
17 0.550417 0.132917 0.006204 0.043889
17 0.474306 0.104306 0.027870 0.012500
17 0.416806 0.132431 0.006019 0.047083
17 0.265093 0.131181 0.007778 0.040417
17 0.340602 0.104306 0.029722 0.010556
17 0.162593 0.528056 0.008704 0.042222
17 0.193843 0.487431 0.030648 0.014583
17 0.322500 0.486806 0.030000 0.010000
17 0.279028 0.384306 0.031574 0.008611
17 0.396528 0.385556 0.029352 0.011111
17 0.393056 0.487778 0.028519 0.009722
17 0.516991 0.454306 0.007870 0.031389
17 0.550556 0.427431 0.029074 0.010417
17 0.547639 0.385278 0.031389 0.010000
