0 0.143843 0.260417 0.013426 0.014167
0 0.171806 0.253403 0.008611 0.019583
0 0.319167 0.309792 0.008333 0.020694
0 0.481667 0.375625 0.008704 0.018750
0 0.642639 0.253681 0.009352 0.021528
0 0.669352 0.260556 0.013148 0.013056
0 0.206204 0.636806 0.012222 0.013611
0 0.365741 0.619306 0.008704 0.019722
0 0.365278 0.639306 0.009259 0.021667
0 0.183056 0.785417 0.008148 0.019167
0 0.582315 0.526806 0.013148 0.015278
0 0.598380 0.465556 0.013241 0.013611
1 0.144306 0.238056 0.013056 0.027222
1 0.186806 0.253056 0.017685 0.019167
1 0.277269 0.376181 0.016759 0.015139
1 0.334352 0.309931 0.017222 0.019583
1 0.466806 0.375903 0.017685 0.018472
1 0.628056 0.253542 0.017222 0.018194
1 0.669352 0.238125 0.012222 0.026250
1 0.546343 0.376806 0.015648 0.018056
1 0.598380 0.442639 0.012315 0.027500
1 0.582454 0.548056 0.013056 0.027500
1 0.645602 0.733056 0.011759 0.025556
1 0.487315 0.497778 0.015926 0.017222
1 0.379213 0.619306 0.017500 0.018611
1 0.379352 0.638681 0.017222 0.018194
1 0.321667 0.497639 0.016667 0.017500
1 0.205278 0.659028 0.012593 0.027778
1 0.197130 0.785556 0.017963 0.018333
3 0.136204 0.279306 0.028519 0.020278
3 0.158056 0.267431 0.014815 0.047083
3 0.349167 0.298264 0.015000 0.042639
3 0.495278 0.364306 0.015370 0.043889
3 0.655463 0.266806 0.015000 0.048056
3 0.677454 0.279306 0.028981 0.021111
3 0.213241 0.617153 0.028519 0.021806
3 0.169815 0.758403 0.014815 0.041806
3 0.351667 0.607431 0.014630 0.041806
3 0.351991 0.650556 0.014167 0.041111
3 0.590417 0.506667 0.027685 0.022778
3 0.590093 0.484028 0.028333 0.021944
5 0.317917 0.352431 0.012500 0.022083
5 0.508704 0.339028 0.013148 0.020000
5 0.631204 0.784931 0.013889 0.017917
5 0.510880 0.534931 0.012500 0.019861
5 0.337917 0.534653 0.011944 0.019306
6 0.140093 0.364514 0.034259 0.041528
6 0.142593 0.155417 0.027778 0.043333
6 0.398565 0.358681 0.043426 0.041528
6 0.544769 0.317778 0.033611 0.074722
6 0.296343 0.578056 0.034537 0.073333
6 0.476667 0.594167 0.033704 0.072222
6 0.605602 0.695278 0.035648 0.074444
6 0.229769 0.192917 0.028611 0.040000
7 0.330278 0.161042 0.037222 0.050417
7 0.484815 0.167292 0.036667 0.050694
7 0.673889 0.164028 0.036852 0.050556
7 0.655417 0.358542 0.033611 0.056250
7 0.189306 0.579167 0.033241 0.057222
7 0.254815 0.745139 0.036296 0.050278
7 0.362269 0.538056 0.037315 0.050000
7 0.362917 0.744514 0.037500 0.049028
7 0.534954 0.492778 0.037870 0.047778
7 0.635139 0.457431 0.033611 0.056528
9 0.439167 0.213681 0.012407 0.054306
9 0.509491 0.200556 0.013241 0.051111
9 0.278843 0.686806 0.013796 0.051111
9 0.431343 0.700556 0.013796 0.050833
9 0.523565 0.653681 0.014352 0.052639
10 0.292593 0.255278 0.035556 0.107778
10 0.386852 0.215556 0.034259 0.107778
10 0.580093 0.204931 0.034259 0.106528
10 0.562778 0.645278 0.034815 0.106944
10 0.496852 0.683056 0.034815 0.106667
10 0.323102 0.685000 0.035463 0.107500
11 0.127778 0.235556 0.006296 0.009444
11 0.182454 0.284306 0.005833 0.009444
11 0.345278 0.357778 0.006111 0.009722
11 0.481528 0.348056 0.005833 0.010000
11 0.686343 0.238056 0.005833 0.010000
11 0.626528 0.283681 0.006204 0.009583
11 0.220741 0.666042 0.006296 0.009306
11 0.174954 0.788056 0.006204 0.009444
11 0.383056 0.651042 0.005741 0.007917
11 0.379815 0.593681 0.006296 0.010972
11 0.590093 0.520556 0.006667 0.009444
11 0.588843 0.438056 0.006574 0.009444
12 0.611204 0.602431 0.006111 0.009028
12 0.429491 0.575556 0.006019 0.007778
12 0.250139 0.582292 0.006574 0.008194
12 0.603843 0.298681 0.005648 0.009306
12 0.374815 0.251181 0.006667 0.008750
12 0.221204 0.299653 0.006852 0.008194
13 0.220741 0.307431 0.006481 0.009306
13 0.375093 0.260556 0.006852 0.010833
13 0.603843 0.307639 0.005833 0.009722
13 0.250139 0.591042 0.006389 0.009306
13 0.429306 0.583542 0.006019 0.009861
13 0.611204 0.611181 0.006111 0.009306
14 0.187454 0.210417 0.006204 0.009167
14 0.132593 0.224931 0.006296 0.009028
14 0.195093 0.276181 0.006111 0.009583
14 0.195093 0.305556 0.006111 0.008611
14 0.226389 0.385139 0.006111 0.008611
14 0.432639 0.384931 0.006389 0.009306
14 0.466991 0.341806 0.006019 0.009167
14 0.465139 0.312431 0.006574 0.009306
14 0.479491 0.325556 0.006019 0.009444
14 0.471204 0.271806 0.006667 0.008333
14 0.359167 0.225903 0.005926 0.008750
14 0.331806 0.277431 0.005648 0.009306
14 0.351343 0.303403 0.005463 0.008472
14 0.393102 0.147153 0.006389 0.008472
14 0.287917 0.146042 0.006019 0.008472
14 0.585417 0.385556 0.005833 0.009444
14 0.527130 0.144306 0.005926 0.008056
14 0.610417 0.195278 0.006389 0.009444
14 0.626852 0.210556 0.006296 0.008889
14 0.682269 0.225417 0.006759 0.009444
14 0.619630 0.276181 0.006111 0.009306
14 0.619167 0.304306 0.006111 0.008889
14 0.256528 0.488681 0.005648 0.009028
14 0.227454 0.591181 0.005648 0.009306
14 0.227454 0.653681 0.006019 0.009028
14 0.238565 0.672917 0.006574 0.009444
14 0.253380 0.652431 0.005833 0.010694
14 0.134815 0.654306 0.006111 0.009444
14 0.205602 0.751181 0.005648 0.008750
14 0.206065 0.707431 0.005833 0.008472
14 0.308241 0.753681 0.006111 0.008472
14 0.436389 0.488681 0.006111 0.008472
14 0.400093 0.586042 0.004815 0.008194
14 0.388102 0.603889 0.005278 0.008611
14 0.424954 0.602431 0.006019 0.009306
14 0.378102 0.687014 0.006389 0.010139
14 0.401528 0.686806 0.005463 0.008333
14 0.412130 0.668681 0.006111 0.010417
14 0.493843 0.754167 0.006204 0.009167
14 0.540093 0.755556 0.006667 0.010278
14 0.584167 0.770556 0.006852 0.009722
14 0.680556 0.649306 0.005741 0.009722
14 0.663056 0.607917 0.004630 0.008333
14 0.604352 0.573681 0.006111 0.008750
14 0.593843 0.561181 0.005278 0.009583
14 0.575926 0.574931 0.006111 0.008750
14 0.538519 0.547431 0.005741 0.009028
14 0.641991 0.547431 0.006019 0.009028
14 0.576528 0.444792 0.006204 0.008472
15 0.117315 0.174931 0.006852 0.009306
15 0.169028 0.097431 0.007685 0.009306
15 0.340278 0.098681 0.008148 0.009306
15 0.473889 0.098681 0.007037 0.007639
15 0.644630 0.097431 0.007778 0.009861
15 0.696528 0.210556 0.006574 0.009167
15 0.697130 0.337153 0.007222 0.010139
15 0.667778 0.465417 0.006852 0.010556
15 0.667454 0.520417 0.006944 0.010278
15 0.696991 0.717292 0.006389 0.010694
15 0.449769 0.801667 0.008426 0.010556
15 0.380926 0.802153 0.007037 0.010972
15 0.220278 0.801806 0.006667 0.010556
15 0.117130 0.717431 0.007407 0.009306
15 0.116991 0.635903 0.007870 0.010139
15 0.117176 0.511181 0.006389 0.009861
15 0.116852 0.413681 0.006852 0.009583
15 0.117130 0.319306 0.005926 0.009444
15 0.117269 0.257431 0.006574 0.009861
15 0.192778 0.483056 0.007778 0.008056
15 0.158843 0.529931 0.006759 0.009028
15 0.277917 0.392292 0.007130 0.009306
15 0.321806 0.482014 0.008056 0.008750
15 0.396065 0.391181 0.007685 0.010417
15 0.391204 0.481181 0.007778 0.009861
15 0.512454 0.460417 0.007130 0.010000
15 0.546389 0.391806 0.007963 0.009722
15 0.549028 0.421667 0.006574 0.009444
16 0.185741 0.210556 0.011111 0.022500
16 0.132269 0.228889 0.015648 0.012500
16 0.193843 0.278542 0.010833 0.024583
16 0.193056 0.304931 0.007963 0.024306
16 0.225602 0.384028 0.018796 0.009444
16 0.288241 0.152431 0.042407 0.009861
16 0.393565 0.152153 0.043796 0.007917
16 0.527593 0.151806 0.045000 0.006944
16 0.623843 0.138125 0.009352 0.023750
16 0.331528 0.282431 0.015093 0.013750
16 0.360093 0.222431 0.014815 0.012917
16 0.434167 0.381528 0.015556 0.012500
16 0.467454 0.346042 0.016204 0.014306
16 0.465602 0.309028 0.016389 0.010833
16 0.477130 0.327292 0.010000 0.022083
16 0.477315 0.273056 0.009815 0.025278
16 0.586991 0.381528 0.017685 0.014167
16 0.621852 0.303681 0.010000 0.022639
16 0.621019 0.276806 0.009074 0.021944
16 0.682593 0.228681 0.015185 0.013750
16 0.616528 0.234653 0.007500 0.019306
16 0.628704 0.209931 0.009815 0.022639
16 0.613056 0.199306 0.021852 0.016111
16 0.660278 0.608056 0.010185 0.024722
16 0.681204 0.643681 0.016111 0.017083
16 0.642639 0.550556 0.016389 0.014444
16 0.607315 0.576042 0.010185 0.022917
16 0.594630 0.558264 0.015556 0.013750
16 0.573843 0.574931 0.009722 0.022639
16 0.537593 0.550278 0.015556 0.014722
16 0.577454 0.445903 0.010648 0.026806
16 0.584028 0.770556 0.013056 0.043611
16 0.539815 0.749306 0.044815 0.008889
16 0.493843 0.748681 0.045648 0.009028
16 0.435139 0.491806 0.017500 0.014444
16 0.426852 0.604306 0.009815 0.026944
16 0.401991 0.692153 0.017130 0.017917
16 0.410093 0.669931 0.010000 0.027083
16 0.386806 0.601806 0.009352 0.025833
16 0.397917 0.585139 0.015278 0.011111
16 0.378380 0.682431 0.018241 0.014861
16 0.308056 0.748681 0.065741 0.009583
16 0.133565 0.649931 0.017315 0.013750
16 0.255556 0.491667 0.017222 0.014444
16 0.246991 0.499306 0.007500 0.020556
16 0.225417 0.591667 0.009907 0.025833
16 0.250417 0.654653 0.010833 0.025139
16 0.225463 0.655417 0.007963 0.023056
16 0.238519 0.676389 0.017778 0.016111
16 0.203565 0.709931 0.009722 0.025694
16 0.203565 0.751806 0.011204 0.022778
17 0.120880 0.159167 0.006204 0.059722
17 0.169352 0.105278 0.027037 0.007500
17 0.264491 0.131181 0.006204 0.040694
17 0.340926 0.106181 0.028889 0.009861
17 0.416528 0.131042 0.006759 0.038750
17 0.474491 0.105556 0.025463 0.008889
17 0.645139 0.105278 0.026574 0.007500
17 0.692130 0.211042 0.006111 0.024028
17 0.692639 0.336806 0.004537 0.040000
17 0.662917 0.465556 0.005278 0.040278
17 0.662639 0.521042 0.004537 0.040694
17 0.692639 0.717292 0.004722 0.023194
17 0.449815 0.794931 0.025741 0.008472
17 0.381065 0.794931 0.026574 0.006250
17 0.221204 0.794931 0.027222 0.008472
17 0.122454 0.719931 0.006204 0.043750
17 0.122315 0.636042 0.006296 0.042917
17 0.122315 0.511667 0.006852 0.088056
17 0.162454 0.530556 0.005093 0.042500
17 0.192917 0.488056 0.026944 0.008889
17 0.122593 0.416181 0.006852 0.058750
17 0.122454 0.321042 0.003981 0.048472
17 0.121806 0.258056 0.004352 0.045556
17 0.547454 0.386042 0.029167 0.010139
17 0.550602 0.429306 0.028796 0.008333
17 0.516389 0.456181 0.006111 0.030694
17 0.396991 0.385764 0.028611 0.009028
17 0.393056 0.488403 0.027778 0.009028
17 0.323241 0.488681 0.029815 0.007639
17 0.279306 0.386042 0.029352 0.009306
