0 0.089352 0.242153 0.005000 0.009306
0 0.087130 0.262431 0.007407 0.006528
0 0.127593 0.383542 0.006852 0.006250
0 0.105741 0.504931 0.007222 0.006806
0 0.086806 0.614931 0.006759 0.007361
0 0.089306 0.636181 0.004722 0.010694
0 0.214630 0.589931 0.004815 0.009861
0 0.264167 0.607431 0.006852 0.006528
0 0.208843 0.470764 0.006759 0.007639
0 0.215093 0.470556 0.006481 0.007500
0 0.178056 0.307431 0.004259 0.009306
0 0.157454 0.295556 0.004722 0.010000
0 0.364815 0.636181 0.005000 0.010694
0 0.362639 0.614931 0.006389 0.006528
0 0.381204 0.504931 0.006852 0.006528
0 0.403241 0.383681 0.007222 0.005972
0 0.364954 0.241806 0.004722 0.009722
0 0.363056 0.262917 0.006852 0.006389
0 0.433241 0.295556 0.004630 0.009722
0 0.453843 0.306806 0.004167 0.009722
0 0.484306 0.470556 0.006389 0.007222
0 0.490741 0.470903 0.006481 0.007083
0 0.490417 0.589931 0.004907 0.010139
0 0.539630 0.607431 0.007037 0.005694
0 0.637639 0.615556 0.006389 0.006944
0 0.639954 0.636181 0.004352 0.010417
0 0.656852 0.504931 0.006852 0.006806
0 0.678519 0.383056 0.007037 0.006944
0 0.637917 0.262431 0.007130 0.006806
0 0.640278 0.242639 0.004815 0.010278
0 0.708426 0.295556 0.005000 0.009722
0 0.729167 0.306806 0.004074 0.009722
0 0.759630 0.470764 0.006667 0.006528
0 0.766019 0.470556 0.006852 0.007500
0 0.765741 0.589931 0.004444 0.010139
0 0.814954 0.607431 0.006944 0.006250
1 0.815417 0.596181 0.006389 0.013472
1 0.773056 0.589931 0.009259 0.008750
1 0.719028 0.503056 0.005833 0.011944
1 0.759769 0.459931 0.006389 0.013472
1 0.765880 0.460139 0.006759 0.013889
1 0.719028 0.378681 0.005833 0.012361
1 0.797778 0.260139 0.008889 0.007778
1 0.700556 0.295556 0.009259 0.009444
1 0.736204 0.307292 0.008889 0.009861
1 0.632778 0.242431 0.008889 0.010417
1 0.637639 0.273542 0.006389 0.013750
1 0.678704 0.394028 0.006852 0.013333
1 0.678843 0.334792 0.006204 0.012917
1 0.656667 0.493403 0.006852 0.012917
1 0.678704 0.536181 0.006111 0.012361
1 0.637917 0.604306 0.006204 0.013056
1 0.632778 0.636181 0.009259 0.009306
1 0.539954 0.596181 0.006759 0.012917
1 0.497917 0.589931 0.008981 0.009306
1 0.443704 0.503681 0.005556 0.011806
1 0.484306 0.459653 0.006759 0.013472
1 0.490741 0.459792 0.006667 0.014028
1 0.443565 0.378403 0.005463 0.011806
1 0.425417 0.295903 0.008796 0.009306
1 0.461065 0.307431 0.008796 0.010139
1 0.522130 0.259931 0.007963 0.008472
1 0.357454 0.242153 0.008796 0.009583
1 0.362639 0.273056 0.006574 0.013611
1 0.403843 0.334931 0.006204 0.012083
1 0.403565 0.394375 0.006759 0.013750
1 0.381343 0.493403 0.006574 0.012917
1 0.403380 0.536667 0.005463 0.011667
1 0.362593 0.604931 0.006111 0.013472
1 0.357454 0.636181 0.009167 0.009306
1 0.264213 0.596181 0.006574 0.013472
1 0.222269 0.590139 0.009167 0.010000
1 0.167593 0.503056 0.005741 0.011944
1 0.208843 0.459931 0.006389 0.014028
1 0.215093 0.460139 0.006111 0.013889
1 0.167778 0.378681 0.006111 0.012361
1 0.149769 0.295556 0.008796 0.009167
1 0.185278 0.307431 0.008889 0.009306
1 0.246343 0.259306 0.008241 0.008611
1 0.081389 0.242431 0.008889 0.009861
1 0.086806 0.273403 0.006759 0.013750
1 0.127963 0.334792 0.005926 0.011806
1 0.127778 0.394306 0.006852 0.013056
1 0.105741 0.493403 0.006667 0.013472
1 0.127917 0.536181 0.005648 0.011806
1 0.086852 0.604792 0.006296 0.013750
1 0.081667 0.636181 0.008889 0.009583
3 0.095602 0.236181 0.007685 0.022083
3 0.091667 0.252431 0.016111 0.012083
3 0.123889 0.373056 0.014815 0.011667
3 0.101852 0.482431 0.013889 0.011250
3 0.091389 0.626181 0.016111 0.011806
3 0.095602 0.641806 0.007685 0.021944
3 0.208102 0.584306 0.008426 0.022500
3 0.254954 0.616806 0.014167 0.011667
3 0.205093 0.479931 0.014630 0.012083
3 0.219167 0.479931 0.014259 0.011528
3 0.164028 0.301181 0.008611 0.022083
3 0.171065 0.301667 0.007685 0.021111
3 0.371204 0.235556 0.007593 0.022778
3 0.367130 0.252778 0.016111 0.011667
3 0.399630 0.373056 0.015000 0.011667
3 0.377593 0.482431 0.014630 0.011528
3 0.367130 0.626181 0.015741 0.012917
3 0.371204 0.642431 0.007778 0.021528
3 0.483704 0.584653 0.008148 0.022917
3 0.530880 0.617292 0.013981 0.011806
3 0.480741 0.480556 0.014815 0.011667
3 0.494630 0.479931 0.014444 0.011806
3 0.439306 0.301181 0.008056 0.021806
3 0.446389 0.301806 0.007778 0.022500
3 0.646528 0.236181 0.007315 0.020694
3 0.642593 0.253056 0.015185 0.011389
3 0.674491 0.373056 0.014167 0.011111
3 0.652917 0.482431 0.014352 0.010972
3 0.642454 0.625556 0.016204 0.011944
3 0.646667 0.641806 0.007593 0.022500
3 0.805880 0.616806 0.014722 0.012500
3 0.759028 0.584306 0.007870 0.022500
3 0.756065 0.480556 0.014352 0.011667
3 0.769815 0.480417 0.014630 0.011944
3 0.714630 0.301806 0.008148 0.022778
3 0.721991 0.301667 0.007130 0.022222
5 0.731528 0.490903 0.006574 0.008750
5 0.731806 0.360556 0.006574 0.009722
5 0.815278 0.270556 0.005741 0.010556
5 0.666343 0.362639 0.007315 0.011111
5 0.670556 0.506528 0.007222 0.011944
5 0.666204 0.515556 0.006481 0.009722
5 0.456343 0.490764 0.006389 0.009028
5 0.456343 0.361181 0.006019 0.010139
5 0.539954 0.270556 0.005648 0.010000
5 0.391343 0.362431 0.006204 0.008750
5 0.395417 0.505556 0.006204 0.010000
5 0.391204 0.515556 0.006111 0.009444
5 0.180880 0.490903 0.006574 0.010694
5 0.180556 0.361181 0.006481 0.010694
5 0.264306 0.270556 0.006204 0.010556
5 0.115417 0.362431 0.006759 0.009861
5 0.119954 0.506181 0.006389 0.011528
6 0.107778 0.336181 0.027593 0.027083
6 0.121991 0.444792 0.013796 0.029306
6 0.067454 0.572431 0.013056 0.023194
6 0.054167 0.637292 0.014444 0.021250
6 0.123843 0.636181 0.014352 0.020972
6 0.195741 0.521181 0.026481 0.029028
6 0.200093 0.386389 0.025185 0.026111
6 0.233843 0.290278 0.025648 0.025556
6 0.384167 0.336806 0.026481 0.025000
6 0.397269 0.446042 0.011389 0.031250
6 0.378843 0.544792 0.026574 0.027361
6 0.470880 0.521806 0.025278 0.025278
6 0.475741 0.387292 0.024630 0.025694
6 0.509954 0.291042 0.026019 0.027639
6 0.657917 0.336806 0.026019 0.025833
6 0.673102 0.445556 0.013611 0.030833
6 0.653241 0.546181 0.026111 0.028750
6 0.746065 0.522153 0.024167 0.027361
6 0.751528 0.387431 0.024722 0.024861
6 0.784306 0.289931 0.024722 0.027361
7 0.056806 0.239167 0.016944 0.028333
7 0.121667 0.253056 0.018704 0.026667
7 0.058241 0.381042 0.017593 0.028194
7 0.056065 0.496806 0.017870 0.028333
7 0.195093 0.601806 0.018889 0.025556
7 0.250741 0.553056 0.017037 0.028056
7 0.250417 0.472431 0.016204 0.027917
7 0.181528 0.472917 0.017130 0.028889
7 0.154815 0.268542 0.019259 0.025417
7 0.166667 0.342917 0.017778 0.029444
7 0.332778 0.238681 0.016852 0.028194
7 0.397315 0.253056 0.018704 0.025556
7 0.333889 0.381042 0.016852 0.028194
7 0.331852 0.496806 0.017037 0.027778
7 0.333426 0.639306 0.016852 0.028611
7 0.397315 0.624931 0.018704 0.025694
7 0.471343 0.602431 0.019352 0.026250
7 0.526204 0.553542 0.016667 0.028194
7 0.457315 0.472431 0.017037 0.028750
7 0.526019 0.472639 0.017037 0.028889
7 0.442315 0.343056 0.016667 0.028889
7 0.430556 0.268056 0.019259 0.026389
7 0.607917 0.239306 0.017130 0.028056
7 0.672917 0.253056 0.018796 0.025833
7 0.609167 0.380556 0.017222 0.028611
7 0.607130 0.497014 0.016852 0.028472
7 0.672917 0.624931 0.018241 0.024583
7 0.608704 0.639306 0.016852 0.028056
7 0.746343 0.602431 0.018056 0.025417
7 0.801806 0.553542 0.016944 0.028194
7 0.732639 0.472778 0.016574 0.029444
7 0.801389 0.472778 0.017037 0.028333
7 0.717639 0.343056 0.016389 0.028333
7 0.705463 0.267431 0.019074 0.025694
9 0.069630 0.362778 0.018519 0.012222
9 0.073519 0.414931 0.017963 0.010694
9 0.231667 0.535417 0.017963 0.010833
9 0.235741 0.421181 0.017407 0.010972
9 0.220278 0.351806 0.017222 0.011389
9 0.344954 0.362431 0.017315 0.011528
9 0.349028 0.414931 0.017315 0.010417
9 0.346343 0.515417 0.017130 0.010833
9 0.508380 0.535556 0.017500 0.011389
9 0.511343 0.421042 0.016944 0.009583
9 0.496019 0.351667 0.018148 0.010833
9 0.620093 0.361806 0.017222 0.010833
9 0.624352 0.414792 0.017222 0.010417
9 0.621528 0.515278 0.017130 0.010833
9 0.783704 0.535417 0.017037 0.010556
9 0.786806 0.421181 0.017500 0.010972
9 0.771250 0.351806 0.017500 0.011944
10 0.070880 0.309514 0.037500 0.027639
10 0.074352 0.454306 0.035741 0.027222
10 0.087130 0.524931 0.036667 0.027083
10 0.230602 0.502014 0.037315 0.027361
10 0.229769 0.372292 0.037500 0.027917
10 0.217454 0.321806 0.036019 0.028056
10 0.346667 0.309375 0.037963 0.026250
10 0.349630 0.454306 0.036296 0.026667
10 0.346806 0.568681 0.036389 0.027361
10 0.507778 0.501806 0.036667 0.026944
10 0.505417 0.371806 0.036944 0.026111
10 0.493102 0.322292 0.036389 0.027361
10 0.621852 0.309931 0.035926 0.026528
10 0.625417 0.454306 0.036389 0.026944
10 0.622176 0.569306 0.035648 0.028333
10 0.783241 0.501806 0.036111 0.026389
10 0.780880 0.371806 0.037870 0.026111
10 0.768565 0.321806 0.035648 0.026667
11 0.081991 0.229792 0.003796 0.005139
11 0.097130 0.274792 0.003333 0.005694
11 0.118519 0.382917 0.002963 0.005000
11 0.121667 0.485556 0.003519 0.005556
11 0.097269 0.607431 0.003611 0.004583
11 0.081019 0.649028 0.003333 0.004444
11 0.264954 0.613264 0.003056 0.005139
11 0.224630 0.578681 0.002963 0.005139
11 0.200602 0.459306 0.003426 0.005556
11 0.219815 0.457292 0.003333 0.005694
11 0.148102 0.302431 0.003241 0.005139
11 0.176019 0.301806 0.003148 0.005000
11 0.356713 0.229306 0.003426 0.005556
11 0.373102 0.274931 0.003426 0.005417
11 0.395741 0.396806 0.003519 0.005000
11 0.370602 0.607917 0.003426 0.004722
11 0.356343 0.648056 0.003426 0.005000
11 0.534167 0.593056 0.003333 0.005278
11 0.500139 0.578056 0.003426 0.004444
11 0.475556 0.459792 0.002778 0.004306
11 0.504954 0.457153 0.003426 0.004861
11 0.434769 0.308056 0.003611 0.005000
11 0.452778 0.293750 0.003333 0.005000
11 0.632176 0.229306 0.003611 0.005000
11 0.647917 0.263403 0.003241 0.004861
11 0.671713 0.396806 0.003426 0.005278
11 0.648056 0.507639 0.002963 0.004722
11 0.639491 0.619167 0.003056 0.004444
11 0.631389 0.648056 0.002778 0.005000
11 0.811065 0.592778 0.003796 0.004444
11 0.779815 0.476806 0.003148 0.005000
11 0.751343 0.463056 0.003611 0.004722
11 0.710093 0.308403 0.003148 0.004861
11 0.736991 0.293681 0.003241 0.004583
12 0.102130 0.291181 0.002963 0.005139
12 0.086343 0.463056 0.002870 0.004167
12 0.102315 0.578542 0.002963 0.004861
12 0.196528 0.556806 0.002870 0.005278
12 0.194167 0.422292 0.002778 0.004861
12 0.203380 0.285903 0.002685 0.004583
12 0.377778 0.291528 0.003148 0.004722
12 0.362269 0.463056 0.002315 0.004444
12 0.377917 0.578681 0.003056 0.004583
12 0.472269 0.556806 0.002870 0.004444
12 0.466389 0.420556 0.002963 0.004722
12 0.479167 0.285556 0.002963 0.004722
12 0.653056 0.291667 0.002778 0.005278
12 0.658519 0.463056 0.003148 0.004444
12 0.653102 0.579306 0.003241 0.005278
12 0.747454 0.556806 0.003056 0.004722
12 0.745093 0.422431 0.002778 0.004306
12 0.754491 0.285903 0.002685 0.004306
13 0.750139 0.556181 0.003426 0.004861
13 0.747778 0.422153 0.003148 0.005417
13 0.757130 0.285556 0.003148 0.005278
13 0.655880 0.291528 0.003426 0.005278
13 0.661204 0.463056 0.002778 0.004722
13 0.655880 0.579514 0.003056 0.005139
13 0.474815 0.556806 0.003333 0.004722
13 0.469028 0.419931 0.003426 0.005139
13 0.481852 0.286042 0.002963 0.004861
13 0.380556 0.291528 0.003148 0.004722
13 0.364954 0.463264 0.003056 0.003750
13 0.380741 0.578889 0.002963 0.005000
13 0.199352 0.556181 0.003148 0.004861
13 0.196852 0.422153 0.002963 0.005139
13 0.206065 0.286042 0.003241 0.004861
13 0.105093 0.291181 0.003148 0.004861
13 0.089028 0.463056 0.002870 0.004444
13 0.105093 0.578681 0.002778 0.004861
14 0.077454 0.231806 0.003056 0.004722
14 0.072454 0.274167 0.003056 0.004444
14 0.067269 0.286181 0.003426 0.005139
14 0.094167 0.279792 0.003148 0.004583
14 0.103889 0.279931 0.002963 0.004306
14 0.130741 0.305278 0.003333 0.004444
14 0.050417 0.349306 0.002685 0.004722
14 0.092778 0.391389 0.003333 0.004722
14 0.106528 0.395278 0.002500 0.005278
14 0.111204 0.384931 0.002963 0.004028
14 0.116204 0.393681 0.003519 0.004583
14 0.051343 0.449931 0.002870 0.004583
14 0.130741 0.420139 0.003148 0.005000
14 0.077593 0.474792 0.003333 0.004306
14 0.094769 0.495417 0.003426 0.005556
14 0.103380 0.481181 0.003241 0.004861
14 0.051065 0.528542 0.003241 0.004583
14 0.130556 0.574653 0.002778 0.005417
14 0.072454 0.604028 0.002685 0.004722
14 0.094352 0.598056 0.002963 0.005278
14 0.104306 0.597917 0.003426 0.005000
14 0.077454 0.644931 0.003056 0.004861
14 0.220417 0.643889 0.002870 0.004722
14 0.252639 0.589792 0.003611 0.005417
14 0.238241 0.589306 0.002778 0.005000
14 0.220278 0.573681 0.003148 0.005417
14 0.226852 0.565278 0.002963 0.005000
14 0.220093 0.554306 0.003519 0.004722
14 0.199306 0.573681 0.003241 0.005417
14 0.165093 0.551806 0.003333 0.005278
14 0.253704 0.513403 0.003519 0.004861
14 0.231389 0.460556 0.002963 0.005278
14 0.203704 0.453056 0.003333 0.004722
14 0.197778 0.444306 0.002963 0.004444
14 0.225417 0.434931 0.003056 0.004306
14 0.231343 0.443403 0.003611 0.005139
14 0.203380 0.425556 0.003241 0.004444
14 0.165556 0.416806 0.003889 0.005556
14 0.253704 0.374306 0.002963 0.005556
14 0.254352 0.339306 0.002778 0.005556
14 0.184769 0.340556 0.003426 0.004444
14 0.150556 0.312292 0.003333 0.004583
14 0.189491 0.299306 0.003056 0.005000
14 0.194167 0.311806 0.002407 0.005278
14 0.193565 0.291250 0.003611 0.005000
14 0.184769 0.262431 0.003426 0.005139
14 0.205093 0.246806 0.002963 0.004167
14 0.218704 0.233681 0.002963 0.004583
14 0.259306 0.306042 0.003426 0.005417
14 0.353241 0.644306 0.002963 0.004722
14 0.348241 0.604167 0.003333 0.005278
14 0.343519 0.590556 0.003704 0.003889
14 0.370417 0.597431 0.002685 0.005417
14 0.379676 0.598403 0.002500 0.005139
14 0.406389 0.574028 0.002963 0.004722
14 0.326852 0.528681 0.003889 0.005139
14 0.353519 0.474931 0.003148 0.004583
14 0.370556 0.495417 0.002778 0.005556
14 0.327130 0.449792 0.003333 0.005417
14 0.406528 0.419931 0.003056 0.004583
14 0.368519 0.388681 0.003148 0.004861
14 0.381852 0.395139 0.003148 0.005278
14 0.392130 0.393681 0.003519 0.005139
14 0.326667 0.349306 0.002778 0.004722
14 0.406528 0.305556 0.002685 0.005000
14 0.370278 0.279931 0.003148 0.004583
14 0.379769 0.280417 0.003056 0.005000
14 0.348056 0.273681 0.003148 0.004861
14 0.353056 0.233056 0.003148 0.005833
14 0.494352 0.233056 0.002963 0.005278
14 0.480880 0.246806 0.003426 0.005278
14 0.465278 0.277431 0.002963 0.005417
14 0.469815 0.290556 0.003148 0.005000
14 0.465278 0.299306 0.003148 0.004444
14 0.469815 0.312431 0.003148 0.004583
14 0.426343 0.312431 0.003241 0.004861
14 0.529954 0.346528 0.002870 0.004722
14 0.534815 0.305556 0.003148 0.005000
14 0.441065 0.416806 0.003241 0.005000
14 0.479954 0.425556 0.002870 0.004722
14 0.473704 0.446181 0.002778 0.005694
14 0.479815 0.453056 0.002963 0.004722
14 0.507315 0.445903 0.003333 0.004583
14 0.507454 0.461806 0.002870 0.005278
14 0.441019 0.552431 0.003519 0.004306
14 0.474630 0.574028 0.003148 0.005000
14 0.497593 0.573542 0.003148 0.005139
14 0.514167 0.589306 0.003519 0.005000
14 0.528889 0.589931 0.003148 0.004861
14 0.529954 0.513681 0.003241 0.005417
14 0.529954 0.373681 0.002685 0.005139
14 0.599491 0.604028 0.002685 0.004444
14 0.618519 0.591181 0.002963 0.004861
14 0.623426 0.603750 0.003148 0.005000
14 0.628426 0.644931 0.003148 0.004306
14 0.645602 0.598056 0.003241 0.004167
14 0.655093 0.598403 0.002963 0.004861
14 0.681667 0.574306 0.003333 0.005000
14 0.601667 0.528681 0.003333 0.004861
14 0.645880 0.493403 0.002870 0.004583
14 0.628704 0.474306 0.003148 0.005000
14 0.601991 0.451042 0.002685 0.004861
14 0.681528 0.418681 0.003241 0.004861
14 0.662269 0.384792 0.002685 0.005139
14 0.667778 0.392639 0.002593 0.005278
14 0.656806 0.395278 0.003611 0.004722
14 0.644028 0.388056 0.003611 0.004722
14 0.601806 0.348681 0.003241 0.004861
14 0.599167 0.273681 0.003333 0.004861
14 0.618843 0.286806 0.002870 0.005556
14 0.623102 0.273681 0.003796 0.005417
14 0.645741 0.280139 0.002963 0.005278
14 0.655278 0.280417 0.003333 0.005278
14 0.681852 0.305556 0.003148 0.004722
14 0.628426 0.233056 0.002963 0.005278
14 0.735602 0.263542 0.003611 0.004583
14 0.756204 0.247014 0.003333 0.004861
14 0.769630 0.233681 0.003148 0.005694
14 0.745139 0.291181 0.003611 0.005417
14 0.745278 0.312639 0.003148 0.005278
14 0.701806 0.311806 0.002685 0.004722
14 0.735556 0.341042 0.003148 0.004583
14 0.806806 0.305556 0.003241 0.005278
14 0.805093 0.339306 0.003333 0.005278
14 0.804954 0.373056 0.003241 0.005000
14 0.716204 0.417431 0.003148 0.004861
14 0.754954 0.425903 0.003056 0.004583
14 0.782315 0.443542 0.002963 0.005139
14 0.748704 0.445556 0.003148 0.005278
14 0.753519 0.453681 0.002778 0.004583
14 0.782315 0.461806 0.002963 0.004444
14 0.805556 0.513681 0.002778 0.004583
14 0.716343 0.551806 0.003611 0.004722
14 0.771667 0.554931 0.002963 0.005139
14 0.777593 0.564931 0.003148 0.004306
14 0.771667 0.573403 0.002778 0.004583
14 0.750556 0.573056 0.003519 0.004444
14 0.789352 0.589792 0.003148 0.004583
14 0.803843 0.589306 0.003241 0.004444
14 0.771343 0.643750 0.002685 0.005000
14 0.496065 0.643681 0.003611 0.005694
15 0.072454 0.222153 0.003981 0.005139
15 0.035093 0.260556 0.003704 0.006389
15 0.114815 0.221667 0.003704 0.005556
15 0.132917 0.334931 0.003426 0.005694
15 0.142778 0.332431 0.003333 0.005417
15 0.155741 0.360278 0.003148 0.005000
15 0.035093 0.388681 0.003148 0.005972
15 0.035278 0.489306 0.003333 0.005278
15 0.132917 0.447917 0.003426 0.005833
15 0.133056 0.536042 0.002963 0.005417
15 0.034954 0.617292 0.003611 0.006250
15 0.060602 0.656181 0.003611 0.005417
15 0.088056 0.656528 0.003519 0.005278
15 0.108704 0.656042 0.003704 0.005694
15 0.140139 0.656181 0.003611 0.005417
15 0.172639 0.656181 0.003426 0.005139
15 0.178843 0.624931 0.003426 0.005417
15 0.163380 0.599931 0.003611 0.005139
15 0.214167 0.656181 0.003519 0.005972
15 0.241389 0.656528 0.002963 0.005556
15 0.269306 0.578681 0.003241 0.005694
15 0.162778 0.503681 0.003333 0.005694
15 0.162778 0.450417 0.003333 0.005833
15 0.269491 0.458542 0.003241 0.005972
15 0.269491 0.407292 0.003611 0.005694
15 0.241204 0.221667 0.003333 0.005556
15 0.175602 0.243681 0.003611 0.005694
15 0.157593 0.243681 0.003704 0.005417
15 0.311065 0.616806 0.003796 0.005833
15 0.336389 0.656181 0.003889 0.006250
15 0.363843 0.656389 0.003611 0.006111
15 0.384306 0.656181 0.003241 0.005694
15 0.322593 0.434931 0.003889 0.005139
15 0.312315 0.489306 0.004259 0.005833
15 0.322269 0.542431 0.003241 0.005694
15 0.312269 0.388542 0.003611 0.005972
15 0.322269 0.335139 0.003426 0.004722
15 0.311204 0.260556 0.004259 0.005556
15 0.348056 0.222153 0.003704 0.005972
15 0.390556 0.221667 0.004074 0.005278
15 0.433241 0.243403 0.002778 0.005417
15 0.451204 0.243056 0.003333 0.006111
15 0.517639 0.221806 0.003611 0.005556
15 0.408704 0.334931 0.003704 0.005694
15 0.418519 0.332292 0.003333 0.006250
15 0.431343 0.359931 0.003611 0.006250
15 0.408889 0.447431 0.002778 0.005972
15 0.438241 0.450764 0.002963 0.005972
15 0.438241 0.503542 0.003889 0.005417
15 0.408843 0.536181 0.003241 0.005694
15 0.439028 0.599931 0.003611 0.005694
15 0.454491 0.625556 0.003796 0.005833
15 0.415741 0.656181 0.003889 0.006528
15 0.448843 0.656181 0.004167 0.006528
15 0.489815 0.656667 0.004259 0.006944
15 0.517315 0.656667 0.004074 0.005833
15 0.544028 0.578681 0.003241 0.005972
15 0.543704 0.458056 0.003519 0.005833
15 0.558889 0.411806 0.003889 0.006111
15 0.623241 0.221806 0.003519 0.005000
15 0.665602 0.221528 0.003611 0.005556
15 0.590417 0.260903 0.003611 0.005417
15 0.590139 0.388681 0.003426 0.005417
15 0.590139 0.489306 0.003611 0.005556
15 0.590139 0.617431 0.003426 0.005694
15 0.611389 0.656181 0.003148 0.005417
15 0.639306 0.656181 0.003611 0.005694
15 0.659954 0.656042 0.004167 0.005694
15 0.691019 0.655556 0.003889 0.004722
15 0.723704 0.656042 0.003704 0.005694
15 0.765093 0.656042 0.003333 0.005694
15 0.792454 0.656042 0.003796 0.005694
15 0.816667 0.579306 0.003704 0.005556
15 0.816528 0.458542 0.003426 0.005694
15 0.820417 0.407153 0.003796 0.005139
15 0.792917 0.222431 0.003611 0.005417
15 0.726806 0.243056 0.004537 0.005278
15 0.708565 0.243681 0.003796 0.006250
15 0.683704 0.335278 0.003519 0.007222
15 0.694028 0.332431 0.003611 0.005972
15 0.706991 0.359931 0.004352 0.004861
15 0.683889 0.447778 0.002963 0.005556
15 0.713704 0.450556 0.003333 0.006389
15 0.713704 0.503403 0.003519 0.006250
15 0.683889 0.536181 0.003889 0.005972
15 0.714167 0.600764 0.003148 0.004861
15 0.729769 0.625556 0.003981 0.005278
16 0.048056 0.274931 0.008889 0.009583
16 0.072315 0.272431 0.010185 0.007639
16 0.068843 0.284028 0.006389 0.017778
16 0.080417 0.281806 0.006389 0.006667
16 0.094491 0.278403 0.007500 0.007361
16 0.103519 0.278056 0.009074 0.006667
16 0.078519 0.231806 0.004815 0.011944
16 0.129630 0.304792 0.004815 0.013194
16 0.052639 0.349931 0.003611 0.034583
16 0.093241 0.386181 0.008519 0.007917
16 0.111065 0.385556 0.008426 0.009444
16 0.104769 0.396181 0.005463 0.012361
16 0.117454 0.393889 0.004722 0.012222
16 0.129815 0.419028 0.004630 0.011944
16 0.053056 0.451042 0.003889 0.033750
16 0.076852 0.474792 0.004259 0.011528
16 0.095602 0.496181 0.004352 0.012361
16 0.052454 0.531042 0.004722 0.036806
16 0.129306 0.575556 0.005648 0.013611
16 0.094167 0.599167 0.007593 0.007778
16 0.103704 0.598681 0.009259 0.007639
16 0.072593 0.604931 0.008148 0.009306
16 0.078241 0.645625 0.004444 0.011250
16 0.219954 0.645000 0.006759 0.012500
16 0.165602 0.553056 0.006204 0.015278
16 0.199630 0.575764 0.007963 0.008472
16 0.220602 0.556181 0.009352 0.008194
16 0.227593 0.566181 0.005741 0.014861
16 0.221204 0.575556 0.008333 0.008333
16 0.238889 0.591528 0.009074 0.009167
16 0.252454 0.591528 0.009352 0.009167
16 0.251806 0.514931 0.003611 0.052361
16 0.196852 0.447431 0.005926 0.013472
16 0.202639 0.454931 0.008611 0.008194
16 0.230556 0.461181 0.004815 0.012917
16 0.225880 0.436181 0.008796 0.007639
16 0.232454 0.443542 0.006019 0.014306
16 0.203704 0.424306 0.009815 0.007500
16 0.166204 0.417778 0.005370 0.011944
16 0.251991 0.376181 0.003611 0.035417
16 0.252130 0.340278 0.004815 0.036667
16 0.259815 0.306806 0.016667 0.008889
16 0.185880 0.341806 0.007685 0.011944
16 0.185880 0.262639 0.005278 0.012500
16 0.204630 0.248542 0.009074 0.007917
16 0.150417 0.311042 0.008241 0.007917
16 0.188889 0.298056 0.003889 0.013333
16 0.194167 0.288681 0.007963 0.008472
16 0.194306 0.313681 0.007685 0.008194
16 0.217917 0.233889 0.004352 0.012222
16 0.324491 0.602292 0.010278 0.008750
16 0.348102 0.604306 0.008241 0.009444
16 0.343843 0.593056 0.005648 0.018333
16 0.353704 0.645556 0.005556 0.013056
16 0.370278 0.599167 0.008148 0.008333
16 0.356667 0.596806 0.007593 0.006667
16 0.380093 0.599306 0.008889 0.008889
16 0.405417 0.575556 0.006019 0.012778
16 0.328565 0.529514 0.006389 0.035139
16 0.352269 0.474931 0.005648 0.010972
16 0.371667 0.496042 0.004815 0.012083
16 0.405417 0.419306 0.005648 0.013056
16 0.328565 0.450903 0.003796 0.035694
16 0.380093 0.396181 0.006296 0.012639
16 0.368889 0.386181 0.009074 0.007639
16 0.386991 0.386181 0.008796 0.008472
16 0.393056 0.393681 0.004815 0.011806
16 0.405741 0.304931 0.004815 0.012917
16 0.328704 0.349931 0.004815 0.035694
16 0.379954 0.278056 0.008056 0.006667
16 0.370556 0.278056 0.008148 0.007222
16 0.354352 0.232153 0.005185 0.011806
16 0.348565 0.272431 0.008611 0.007083
16 0.356806 0.281042 0.007315 0.004583
16 0.323704 0.275278 0.008704 0.007778
16 0.344815 0.284306 0.005741 0.018889
16 0.426528 0.310556 0.008056 0.007778
16 0.470093 0.313681 0.008333 0.008194
16 0.464769 0.298681 0.004722 0.012083
16 0.470093 0.288681 0.008704 0.008472
16 0.461806 0.262153 0.005648 0.011806
16 0.480602 0.249028 0.009352 0.008889
16 0.498704 0.258056 0.007222 0.007778
16 0.461528 0.341181 0.006204 0.014306
16 0.535093 0.306667 0.015370 0.007500
16 0.527639 0.339306 0.004352 0.033333
16 0.527593 0.375556 0.003333 0.036389
16 0.442315 0.417431 0.004259 0.012639
16 0.479491 0.423542 0.008981 0.007639
16 0.501528 0.437014 0.008796 0.007639
16 0.508056 0.442431 0.006111 0.014583
16 0.473056 0.447917 0.005926 0.012500
16 0.478241 0.454792 0.008519 0.007639
16 0.506019 0.462431 0.005185 0.011806
16 0.441528 0.552292 0.005093 0.011806
16 0.443843 0.558681 0.006204 0.005972
16 0.475139 0.575417 0.008611 0.008333
16 0.496991 0.575417 0.008981 0.008056
16 0.496204 0.556806 0.009444 0.008056
16 0.503889 0.566667 0.005185 0.015000
16 0.514769 0.591806 0.009352 0.007778
16 0.528380 0.592014 0.009167 0.008750
16 0.526991 0.514306 0.004352 0.051944
16 0.494769 0.645556 0.005463 0.013333
16 0.629815 0.646181 0.005000 0.012361
16 0.645741 0.599514 0.008519 0.007361
16 0.655556 0.599931 0.008889 0.008194
16 0.624028 0.604931 0.008056 0.007917
16 0.631667 0.597431 0.006852 0.006250
16 0.599352 0.602431 0.008889 0.007917
16 0.619306 0.593056 0.005833 0.018889
16 0.603519 0.529306 0.005185 0.034167
16 0.680093 0.574792 0.006111 0.012083
16 0.603843 0.449931 0.004167 0.033472
16 0.628241 0.474931 0.005185 0.012917
16 0.647269 0.496181 0.005093 0.011806
16 0.680741 0.419306 0.004630 0.013056
16 0.679815 0.485556 0.000000 0.000000
16 0.603380 0.332639 0.002870 0.000278
16 0.605602 0.332500 0.000463 0.000000
16 0.604306 0.350903 0.002870 0.035972
16 0.598843 0.275139 0.008426 0.007500
16 0.619815 0.284306 0.005370 0.017778
16 0.623241 0.271181 0.007778 0.008750
16 0.631528 0.280556 0.006204 0.006111
16 0.646019 0.277431 0.007593 0.007083
16 0.654954 0.277292 0.008796 0.006806
16 0.681065 0.304306 0.005278 0.012222
16 0.656204 0.395556 0.005556 0.011111
16 0.644306 0.386806 0.007500 0.007778
16 0.662130 0.385556 0.008704 0.007778
16 0.668519 0.392639 0.005185 0.012500
16 0.629306 0.232292 0.004537 0.011528
16 0.736528 0.262431 0.005093 0.011528
16 0.755602 0.248681 0.008426 0.008194
16 0.768380 0.232778 0.004907 0.013889
16 0.810093 0.305903 0.013889 0.008194
16 0.745278 0.313681 0.008333 0.008194
16 0.739306 0.298056 0.004352 0.011944
16 0.745278 0.288056 0.008148 0.006667
16 0.701852 0.310764 0.008148 0.006250
16 0.736528 0.341181 0.005278 0.012917
16 0.802778 0.340278 0.002222 0.033333
16 0.717269 0.418056 0.004907 0.014444
16 0.754630 0.424167 0.009630 0.008333
16 0.776852 0.437014 0.008704 0.007639
16 0.783843 0.443056 0.005648 0.013056
16 0.781065 0.460903 0.004352 0.012361
16 0.753241 0.454306 0.007593 0.006667
16 0.747778 0.446667 0.004815 0.010833
16 0.802593 0.374306 0.003148 0.032500
16 0.802639 0.513681 0.003611 0.050417
16 0.716991 0.551181 0.004722 0.012361
16 0.719167 0.558681 0.006296 0.005694
16 0.771667 0.556181 0.009630 0.008750
16 0.779028 0.566181 0.005463 0.014028
16 0.772130 0.574931 0.008333 0.008194
16 0.789815 0.591806 0.008704 0.008056
16 0.804028 0.591667 0.008796 0.008333
16 0.750741 0.575417 0.007963 0.008056
16 0.772917 0.644931 0.005648 0.015139
16 0.495556 0.234167 0.005741 0.015278
17 0.792593 0.224931 0.008704 0.005139
17 0.726852 0.247431 0.013889 0.005694
17 0.708565 0.247431 0.013611 0.005694
17 0.818843 0.407431 0.003796 0.020972
17 0.818565 0.459792 0.003426 0.021806
17 0.818380 0.579931 0.002685 0.020972
17 0.792454 0.652431 0.013611 0.004861
17 0.765417 0.652431 0.013796 0.005694
17 0.723889 0.652778 0.028889 0.005000
17 0.691528 0.652431 0.019167 0.004306
17 0.729769 0.621806 0.013426 0.004167
17 0.716204 0.600417 0.003333 0.020556
17 0.715741 0.503542 0.002778 0.022361
17 0.716389 0.450556 0.003148 0.021667
17 0.706991 0.356806 0.014167 0.005000
17 0.696204 0.332917 0.004444 0.021944
17 0.681991 0.335556 0.003611 0.021944
17 0.665602 0.225556 0.013796 0.005278
17 0.623519 0.224931 0.007778 0.004028
17 0.588519 0.260556 0.003148 0.021111
17 0.597454 0.331806 0.014352 0.004444
17 0.588241 0.389167 0.002778 0.021667
17 0.596852 0.432153 0.013148 0.004306
17 0.588380 0.490556 0.002870 0.022778
17 0.597130 0.545556 0.014259 0.005556
17 0.588704 0.617431 0.002963 0.021250
17 0.606806 0.653056 0.021019 0.004444
17 0.639306 0.653264 0.014907 0.003472
17 0.660278 0.653056 0.014444 0.003611
17 0.682130 0.536806 0.003148 0.020556
17 0.682130 0.448542 0.003889 0.020417
17 0.517639 0.653056 0.015648 0.005278
17 0.489954 0.651806 0.013981 0.005000
17 0.449213 0.653056 0.030463 0.004722
17 0.416343 0.652431 0.019722 0.004028
17 0.454769 0.621806 0.013611 0.004722
17 0.440880 0.600556 0.003241 0.019722
17 0.543380 0.579306 0.004537 0.021111
17 0.440880 0.503681 0.003611 0.019583
17 0.407176 0.536389 0.003611 0.019722
17 0.543241 0.459792 0.003704 0.021806
17 0.543102 0.407778 0.003241 0.021389
17 0.517130 0.225417 0.007963 0.005833
17 0.451065 0.246806 0.013241 0.004444
17 0.433704 0.246806 0.014444 0.003889
17 0.391204 0.224792 0.014630 0.004306
17 0.348380 0.225278 0.008241 0.003333
17 0.406991 0.334653 0.003796 0.020417
17 0.421019 0.332431 0.003148 0.020972
17 0.431528 0.356806 0.013796 0.004444
17 0.440880 0.450556 0.003611 0.021667
17 0.406852 0.448542 0.002963 0.021250
17 0.384352 0.652431 0.015000 0.004861
17 0.363565 0.652431 0.015278 0.003750
17 0.331806 0.653056 0.021574 0.004444
17 0.312639 0.618056 0.003611 0.021944
17 0.321991 0.545764 0.012685 0.004861
17 0.313241 0.489792 0.002778 0.021250
17 0.322454 0.432153 0.012685 0.004861
17 0.313102 0.389306 0.003241 0.021944
17 0.322454 0.332153 0.012500 0.004306
17 0.313241 0.261806 0.003333 0.021944
17 0.267315 0.579931 0.002963 0.021250
17 0.267315 0.458889 0.003333 0.020000
17 0.267454 0.407431 0.003611 0.020972
17 0.241852 0.224931 0.009815 0.005417
17 0.175556 0.246667 0.013519 0.004444
17 0.157593 0.246806 0.013889 0.005000
17 0.114815 0.225278 0.014259 0.004722
17 0.071991 0.224792 0.009907 0.003750
17 0.037454 0.259792 0.004352 0.020694
17 0.046204 0.331667 0.012593 0.004167
17 0.037454 0.388681 0.003056 0.020417
17 0.045926 0.432153 0.013148 0.004583
17 0.037639 0.488681 0.003426 0.020139
17 0.045926 0.545903 0.013148 0.004861
17 0.037454 0.617431 0.002870 0.020972
17 0.055556 0.652639 0.021111 0.004722
17 0.088565 0.652431 0.016389 0.004306
17 0.108889 0.652431 0.015185 0.004028
17 0.140741 0.652917 0.019444 0.005556
17 0.173241 0.652778 0.029259 0.003889
17 0.214491 0.652431 0.013981 0.004583
17 0.241852 0.652639 0.014074 0.004722
17 0.179954 0.622153 0.014352 0.004306
17 0.165093 0.600278 0.003519 0.019167
17 0.131065 0.536806 0.002870 0.019722
17 0.165093 0.504028 0.003704 0.019722
17 0.131204 0.448056 0.003889 0.019722
17 0.165417 0.450764 0.003611 0.020139
17 0.155417 0.356806 0.012870 0.004167
17 0.131065 0.334306 0.002685 0.020000
17 0.144954 0.333056 0.003056 0.020278
