0 0.485926 0.404931 0.007037 0.008194
0 0.530880 0.404931 0.008056 0.007917
0 0.635741 0.237917 0.005000 0.011389
0 0.633056 0.258056 0.007222 0.007500
0 0.675139 0.383056 0.007315 0.006389
0 0.652454 0.509306 0.006944 0.008333
0 0.633056 0.622917 0.007222 0.010556
0 0.635417 0.644931 0.005093 0.009583
0 0.706204 0.292431 0.004815 0.010694
0 0.727593 0.304653 0.004259 0.011250
0 0.759167 0.473542 0.006667 0.007083
0 0.766065 0.473681 0.007130 0.007361
0 0.765417 0.597153 0.004907 0.010417
0 0.816389 0.614931 0.007222 0.006806
1 0.485556 0.418681 0.006852 0.014306
1 0.531065 0.418542 0.007315 0.014306
1 0.627639 0.236806 0.009722 0.011111
1 0.633241 0.269306 0.007037 0.015000
1 0.675417 0.393889 0.007315 0.013611
1 0.652593 0.496806 0.007222 0.015556
1 0.632917 0.611667 0.006944 0.014444
1 0.627917 0.644792 0.009352 0.009861
1 0.773241 0.597153 0.009815 0.010694
1 0.816528 0.603542 0.007315 0.014306
1 0.759630 0.462292 0.007222 0.013194
1 0.765880 0.461806 0.006759 0.014444
1 0.735093 0.304167 0.009630 0.010556
1 0.698056 0.292500 0.010000 0.010000
1 0.798380 0.255556 0.009167 0.010000
1 0.675602 0.332917 0.006204 0.014167
1 0.675556 0.541181 0.005926 0.013194
1 0.717130 0.506806 0.007222 0.013333
1 0.716991 0.378125 0.005833 0.013750
2 0.489630 0.393056 0.015185 0.011389
2 0.527315 0.393681 0.015000 0.013194
3 0.641852 0.230903 0.008889 0.023750
3 0.637917 0.247778 0.016759 0.011944
3 0.671204 0.372431 0.015370 0.012639
3 0.648565 0.485556 0.014537 0.011944
3 0.637917 0.633681 0.016389 0.012361
3 0.642269 0.650556 0.007500 0.021389
3 0.807315 0.624931 0.015000 0.011806
3 0.758565 0.591042 0.008426 0.022917
3 0.755278 0.483681 0.015185 0.012361
3 0.769954 0.483681 0.015093 0.012361
3 0.712593 0.298056 0.008333 0.021944
3 0.720417 0.298681 0.008056 0.022639
5 0.662778 0.361667 0.007407 0.011944
5 0.667269 0.509931 0.007500 0.010694
5 0.730093 0.494028 0.007778 0.010278
5 0.730278 0.360625 0.007778 0.011250
5 0.816528 0.266528 0.006574 0.011389
6 0.654630 0.334167 0.026667 0.026944
6 0.668843 0.447431 0.015648 0.032083
6 0.612639 0.578056 0.013611 0.023889
6 0.599769 0.646181 0.016019 0.023750
6 0.671204 0.645556 0.014815 0.023611
6 0.744769 0.526181 0.026019 0.027361
6 0.750278 0.387431 0.025926 0.026250
6 0.785093 0.286806 0.028148 0.025000
7 0.602130 0.233681 0.018148 0.029583
7 0.669491 0.248542 0.020463 0.027639
7 0.603565 0.380556 0.017500 0.029167
7 0.601343 0.500556 0.017685 0.029722
7 0.745463 0.609931 0.020000 0.027361
7 0.802917 0.559306 0.017685 0.028611
7 0.731019 0.475417 0.017778 0.029444
7 0.802593 0.475556 0.018148 0.028889
7 0.716019 0.341806 0.018148 0.029722
7 0.703380 0.263681 0.019722 0.026806
9 0.615093 0.361181 0.019259 0.012639
9 0.618889 0.415556 0.019074 0.011111
9 0.782593 0.540556 0.018333 0.011944
9 0.786991 0.421806 0.018611 0.010556
9 0.771204 0.350556 0.018333 0.011944
10 0.616065 0.306806 0.038611 0.028056
10 0.620139 0.456528 0.037315 0.028056
10 0.634167 0.528681 0.036667 0.028750
10 0.781852 0.505556 0.037778 0.028889
10 0.780741 0.370556 0.038519 0.028056
10 0.768380 0.319931 0.035833 0.029306
11 0.628102 0.224028 0.003796 0.005278
11 0.643565 0.269931 0.003241 0.005139
11 0.665741 0.382431 0.003519 0.004861
11 0.669028 0.488056 0.003611 0.005000
11 0.643843 0.614931 0.003426 0.005417
11 0.626806 0.657778 0.003611 0.005833
11 0.696667 0.299792 0.003519 0.005139
11 0.725278 0.299028 0.003704 0.005000
11 0.750556 0.461806 0.003148 0.004444
11 0.770139 0.459653 0.003611 0.004861
11 0.775556 0.585556 0.003148 0.005278
11 0.817778 0.620556 0.003704 0.004722
12 0.648889 0.287917 0.003148 0.004444
12 0.632593 0.465556 0.003148 0.005556
12 0.649028 0.585417 0.003056 0.005278
12 0.753889 0.282431 0.002963 0.005417
12 0.744028 0.423056 0.003241 0.004444
12 0.746528 0.562431 0.003241 0.004861
13 0.651667 0.288264 0.003519 0.004861
13 0.635602 0.465556 0.003426 0.005556
13 0.651806 0.584931 0.003241 0.004861
13 0.749306 0.562431 0.003611 0.005417
13 0.746806 0.423542 0.003241 0.005139
13 0.756528 0.282431 0.003426 0.005417
14 0.480093 0.659306 0.003333 0.005000
14 0.486389 0.643681 0.003148 0.004583
14 0.490278 0.242431 0.003704 0.005694
14 0.419167 0.219931 0.004074 0.005417
14 0.623519 0.226806 0.002963 0.004722
14 0.618380 0.269931 0.002870 0.004583
14 0.612917 0.282639 0.003796 0.005000
14 0.640926 0.275903 0.003148 0.004306
14 0.650880 0.276181 0.003241 0.005139
14 0.678380 0.302431 0.003426 0.004306
14 0.595417 0.346806 0.003426 0.005278
14 0.639306 0.391181 0.003611 0.004583
14 0.653519 0.395764 0.003333 0.004028
14 0.657269 0.382431 0.000093 0.000417
14 0.658102 0.384653 0.003426 0.004583
14 0.663380 0.394306 0.003241 0.004722
14 0.596343 0.451806 0.003241 0.004722
14 0.678704 0.421181 0.003148 0.004306
14 0.623565 0.477778 0.003426 0.004722
14 0.641389 0.498681 0.002963 0.004583
14 0.650417 0.484306 0.003426 0.004722
14 0.596204 0.533056 0.002778 0.005278
14 0.678565 0.581389 0.002685 0.005278
14 0.618380 0.611806 0.003241 0.005278
14 0.641065 0.605417 0.003426 0.005000
14 0.651204 0.605556 0.003519 0.005556
14 0.623380 0.653681 0.003796 0.004583
14 0.699028 0.309306 0.003241 0.005278
14 0.743889 0.309792 0.003148 0.004861
14 0.739306 0.296181 0.002685 0.004028
14 0.743843 0.287778 0.004167 0.005556
14 0.734630 0.258056 0.003333 0.005000
14 0.755278 0.242431 0.003148 0.004861
14 0.769815 0.228056 0.003889 0.005556
14 0.811806 0.303542 0.003981 0.005417
14 0.806389 0.338056 0.003148 0.004722
14 0.806019 0.373681 0.003148 0.006528
14 0.734352 0.338681 0.003704 0.005417
14 0.714167 0.417917 0.003704 0.004722
14 0.753704 0.426806 0.003148 0.004444
14 0.776389 0.436806 0.003889 0.005000
14 0.782778 0.445556 0.003889 0.005278
14 0.747639 0.446181 0.003611 0.004861
14 0.753889 0.455556 0.002778 0.005556
14 0.782593 0.463542 0.003333 0.004583
14 0.805556 0.517639 0.003148 0.005000
14 0.714167 0.557431 0.003333 0.005139
14 0.770880 0.559931 0.003611 0.005139
14 0.778056 0.571181 0.003333 0.005139
14 0.771065 0.580417 0.003796 0.005556
14 0.749676 0.580556 0.003426 0.004444
14 0.789954 0.596806 0.003796 0.005556
14 0.804815 0.597292 0.003704 0.005972
14 0.771204 0.652431 0.003519 0.005417
15 0.503380 0.661181 0.004167 0.006806
15 0.579630 0.256181 0.003889 0.005972
15 0.618056 0.215903 0.003889 0.005694
15 0.661991 0.215556 0.004537 0.005833
15 0.792593 0.216042 0.004630 0.005972
15 0.821991 0.407431 0.003796 0.006250
15 0.822269 0.461042 0.004352 0.005694
15 0.712130 0.452778 0.004444 0.006667
15 0.711667 0.507431 0.004259 0.006528
15 0.822130 0.585556 0.003704 0.006667
15 0.793056 0.665278 0.004259 0.006944
15 0.764954 0.665903 0.004167 0.006528
15 0.722130 0.665556 0.004074 0.006389
15 0.688102 0.666042 0.004537 0.005694
15 0.655880 0.666181 0.005278 0.006528
15 0.634028 0.665556 0.004167 0.005000
15 0.605602 0.665764 0.004722 0.005972
15 0.579167 0.624931 0.004444 0.007361
15 0.579306 0.492917 0.004352 0.007500
15 0.579676 0.388056 0.004537 0.007222
15 0.680741 0.333056 0.004074 0.006667
15 0.691065 0.330417 0.005463 0.007222
15 0.704491 0.359375 0.004722 0.006250
15 0.706204 0.238681 0.003704 0.005694
15 0.724954 0.238889 0.004722 0.006111
15 0.680741 0.449792 0.004444 0.006806
15 0.680880 0.541181 0.003241 0.005694
15 0.711991 0.607431 0.003796 0.006806
15 0.728704 0.634028 0.004444 0.007222
16 0.213241 0.242292 0.011667 0.014861
16 0.210278 0.644306 0.011667 0.015278
16 0.419167 0.218681 0.011296 0.013472
16 0.437917 0.663681 0.017315 0.019028
16 0.480880 0.658542 0.016204 0.009861
16 0.483565 0.644306 0.011389 0.016389
16 0.463380 0.606181 0.010093 0.018194
16 0.497917 0.587917 0.014167 0.019444
16 0.485556 0.432431 0.010556 0.017083
16 0.531019 0.432917 0.010926 0.015556
16 0.509630 0.420556 0.009815 0.015556
16 0.492639 0.417778 0.009537 0.016389
16 0.523102 0.418264 0.011574 0.017639
16 0.486019 0.375556 0.011481 0.015278
16 0.530741 0.376181 0.011296 0.014583
16 0.486389 0.242431 0.011852 0.014861
16 0.593056 0.271181 0.009815 0.011528
16 0.614491 0.278681 0.007685 0.023750
16 0.618519 0.268681 0.010000 0.012361
16 0.625880 0.276667 0.007870 0.009444
16 0.641667 0.274306 0.008519 0.009167
16 0.650463 0.273681 0.010000 0.010139
16 0.624028 0.226806 0.006759 0.014444
16 0.677593 0.301667 0.007963 0.013611
16 0.639954 0.386042 0.008981 0.009306
16 0.651528 0.395556 0.005648 0.014167
16 0.658056 0.385556 0.010185 0.009167
16 0.664630 0.393681 0.006852 0.014583
16 0.676991 0.419931 0.006944 0.014583
16 0.598843 0.453681 0.006389 0.036528
16 0.597593 0.348681 0.006296 0.034861
16 0.598843 0.535556 0.004352 0.040000
16 0.622778 0.477431 0.007778 0.015139
16 0.642454 0.499931 0.007315 0.015694
16 0.678056 0.582431 0.007407 0.013472
16 0.618565 0.612431 0.010278 0.011806
16 0.641343 0.606181 0.009167 0.010139
16 0.650278 0.606389 0.010185 0.011111
16 0.624167 0.654306 0.005556 0.012222
16 0.755556 0.243681 0.010741 0.011806
16 0.768565 0.228056 0.007500 0.014444
16 0.699954 0.308056 0.010278 0.008333
16 0.738704 0.294931 0.005741 0.012917
16 0.744028 0.284931 0.009167 0.010139
16 0.744769 0.310556 0.009352 0.010556
16 0.735417 0.339306 0.007130 0.013889
16 0.811991 0.303681 0.016944 0.011250
16 0.715602 0.418889 0.006759 0.013611
16 0.754028 0.425556 0.009907 0.009722
16 0.776852 0.438056 0.010185 0.011111
16 0.783889 0.445417 0.008148 0.016111
16 0.782454 0.464167 0.008611 0.014444
16 0.753565 0.457153 0.009722 0.011806
16 0.747130 0.449306 0.007407 0.014167
16 0.715139 0.559306 0.007500 0.016111
16 0.749815 0.581806 0.010926 0.009444
16 0.771389 0.562153 0.010000 0.009306
16 0.779028 0.573056 0.006944 0.014722
16 0.771852 0.581181 0.008889 0.010694
16 0.790741 0.597431 0.011667 0.010972
16 0.804954 0.597292 0.010648 0.011250
16 0.804167 0.519931 0.005926 0.051806
16 0.804630 0.374306 0.006667 0.036111
16 0.803565 0.338056 0.005278 0.035278
16 0.769167 0.654306 0.006111 0.015556
16 0.735417 0.258056 0.005463 0.013889
17 0.481065 0.657431 0.016574 0.010417
17 0.508380 0.658542 0.015278 0.006806
17 0.535417 0.349792 0.006204 0.025694
17 0.535093 0.308056 0.006111 0.024444
17 0.534630 0.273681 0.005185 0.024583
17 0.581991 0.256181 0.005278 0.022917
17 0.619630 0.219306 0.011111 0.007500
17 0.661806 0.219028 0.015648 0.006944
17 0.793704 0.219306 0.009815 0.007222
17 0.819769 0.408889 0.004907 0.023611
17 0.820278 0.461806 0.004815 0.023611
17 0.820093 0.586806 0.003704 0.024167
17 0.794028 0.661806 0.016944 0.008611
17 0.765278 0.661667 0.015000 0.007500
17 0.729306 0.630417 0.016389 0.008056
17 0.721806 0.661181 0.031019 0.008194
17 0.688704 0.662014 0.021111 0.007639
17 0.656528 0.661181 0.016389 0.008194
17 0.634815 0.662014 0.017222 0.007361
17 0.601065 0.662917 0.023241 0.008056
17 0.581806 0.625556 0.006204 0.025833
17 0.582130 0.492431 0.005185 0.022917
17 0.582778 0.389306 0.006296 0.023333
17 0.590880 0.328681 0.012500 0.007639
17 0.591667 0.433403 0.015000 0.006528
17 0.591065 0.551181 0.014722 0.007083
17 0.678889 0.542431 0.006111 0.023472
17 0.678889 0.449931 0.005185 0.021528
17 0.679167 0.333403 0.005000 0.024306
17 0.725741 0.241806 0.016296 0.007222
17 0.706065 0.241806 0.013611 0.006944
17 0.693889 0.331181 0.006111 0.022917
17 0.704306 0.354931 0.014537 0.008194
17 0.714167 0.453403 0.005741 0.024028
17 0.713843 0.509931 0.004352 0.025139
17 0.714028 0.609167 0.005278 0.025278
