16 0.281389 0.249792 0.014074 0.030139
16 0.295602 0.306528 0.011389 0.025000
16 0.342315 0.306806 0.014074 0.024444
16 0.391204 0.336389 0.020370 0.018611
16 0.366806 0.377431 0.012315 0.030139
16 0.358241 0.399792 0.016481 0.018194
16 0.209167 0.497153 0.013333 0.030694
16 0.128380 0.538056 0.020648 0.018611
16 0.224167 0.633542 0.012778 0.032083
16 0.268056 0.519306 0.014259 0.033333
16 0.349676 0.681181 0.023611 0.022083
16 0.421806 0.632292 0.013611 0.032083
16 0.456343 0.668056 0.015833 0.034444
16 0.498565 0.667431 0.016389 0.017639
16 0.534167 0.632431 0.018704 0.014861
16 0.478889 0.153056 0.043889 0.020556
17 0.222454 0.244028 0.005648 0.020833
17 0.263704 0.169931 0.013333 0.007639
17 0.241065 0.295417 0.015648 0.008889
17 0.260093 0.313264 0.005185 0.026528
17 0.260093 0.414306 0.006296 0.037778
17 0.194167 0.414653 0.018889 0.007083
17 0.129769 0.415139 0.039352 0.007222
17 0.299954 0.695278 0.040463 0.022778
17 0.397917 0.689167 0.021204 0.005556
17 0.470139 0.781042 0.010278 0.015417
17 0.501204 0.791181 0.040556 0.006250
17 0.530417 0.783681 0.008611 0.012083
17 0.554028 0.684306 0.004907 0.035556
17 0.554167 0.594931 0.004444 0.034028
17 0.553565 0.509792 0.004537 0.035694
17 0.553519 0.395278 0.004815 0.068333
17 0.553519 0.305903 0.004815 0.037083
17 0.553704 0.191806 0.004444 0.038056
17 0.510278 0.158056 0.015556 0.006389
17 0.447454 0.158056 0.016204 0.006389
17 0.358704 0.170764 0.060185 0.007361
0 0.271667 0.286181 0.013704 0.026528
0 0.357593 0.453264 0.012778 0.026250
0 0.406806 0.607292 0.011759 0.025694
1 0.374167 0.424792 0.014630 0.055694
1 0.417639 0.669931 0.015648 0.035139
2 0.278843 0.340417 0.034352 0.030833
2 0.378704 0.659167 0.021296 0.054444
1 0.308704 0.329028 0.020926 0.019722
1 0.329491 0.328681 0.021204 0.019861
