17 0.542454 0.302292 0.004167 0.035972
17 0.542454 0.416181 0.004722 0.035972
17 0.542454 0.505556 0.004907 0.067778
17 0.542593 0.600278 0.004815 0.044722
17 0.542454 0.794306 0.005093 0.035000
17 0.518843 0.893403 0.010278 0.012917
17 0.489954 0.900556 0.041759 0.008333
17 0.459352 0.890556 0.010185 0.015556
17 0.403704 0.798056 0.042778 0.008056
17 0.288889 0.797778 0.042963 0.008056
17 0.234028 0.798056 0.021574 0.007778
17 0.116343 0.630556 0.005463 0.033889
17 0.116343 0.420278 0.005093 0.044444
17 0.116204 0.253056 0.004444 0.045000
16 0.174028 0.209792 0.106759 0.010417
16 0.272639 0.210417 0.058611 0.008889
16 0.352176 0.209931 0.058426 0.009861
16 0.466667 0.144931 0.148148 0.025694
16 0.443889 0.777292 0.013148 0.032917
16 0.380741 0.750556 0.022037 0.016944
16 0.346204 0.789306 0.027778 0.024167
16 0.242639 0.778403 0.012685 0.033472
16 0.193704 0.648681 0.021852 0.019028
16 0.242593 0.644792 0.012963 0.031806
16 0.273704 0.632639 0.021481 0.021389
16 0.221019 0.573681 0.020741 0.018750
16 0.201806 0.558681 0.012500 0.032639
16 0.256991 0.588681 0.036574 0.024306
16 0.316667 0.558056 0.013148 0.033056
16 0.299352 0.529306 0.022222 0.018611
16 0.266667 0.459306 0.013333 0.031667
16 0.358102 0.462431 0.013241 0.032361
16 0.176667 0.461667 0.022963 0.020833
15 0.092454 0.252639 0.011944 0.017778
15 0.093380 0.420556 0.011019 0.017778
15 0.093241 0.629931 0.011481 0.017917
15 0.234352 0.833056 0.010000 0.016389
15 0.288843 0.832292 0.011019 0.015972
15 0.403704 0.833056 0.010741 0.016667
15 0.444028 0.916806 0.010648 0.018056
15 0.489630 0.934653 0.011296 0.015694
15 0.534167 0.919028 0.010556 0.016389
15 0.565139 0.795417 0.010463 0.016389
15 0.565417 0.599931 0.009907 0.015694
15 0.565556 0.505903 0.010185 0.016250
15 0.565417 0.416181 0.010463 0.016806
15 0.565556 0.302639 0.009815 0.015000
14 0.173889 0.175417 0.010000 0.014722
14 0.272639 0.175139 0.010463 0.014722
14 0.352454 0.175417 0.010278 0.014167
14 0.149630 0.846181 0.009815 0.015694
14 0.234352 0.779306 0.009259 0.014444
14 0.346343 0.763056 0.009722 0.015278
14 0.381065 0.738542 0.009352 0.014861
14 0.452778 0.778056 0.009259 0.014444
14 0.341667 0.462917 0.009815 0.015278
14 0.332778 0.558681 0.009259 0.015139
14 0.299815 0.501181 0.010185 0.014583
14 0.294167 0.459653 0.009815 0.014306
14 0.175880 0.441181 0.009352 0.014583
14 0.221019 0.545417 0.010185 0.015278
14 0.257269 0.610278 0.009352 0.014444
14 0.273889 0.661806 0.009815 0.014444
14 0.233241 0.645556 0.010185 0.014444
14 0.190741 0.558681 0.010370 0.014583
14 0.193889 0.681389 0.010185 0.014722
13 0.446991 0.864931 0.007130 0.011806
13 0.398565 0.514653 0.007130 0.011250
13 0.320556 0.531528 0.008148 0.012778
13 0.290556 0.511806 0.007222 0.011944
13 0.287593 0.636181 0.007778 0.011806
12 0.398704 0.526806 0.007407 0.011389
11 0.261528 0.451875 0.007315 0.011250
11 0.362315 0.453056 0.007778 0.010556
11 0.242130 0.820903 0.007037 0.011528
11 0.394306 0.749792 0.007315 0.010694
