6 0.275741 0.272014 0.065556 0.117361
6 0.137593 0.471181 0.059074 0.114028
2 0.219028 0.686181 0.036759 0.030694
1 0.227454 0.558056 0.018056 0.031667
1 0.206991 0.629931 0.015093 0.030972
0 0.225417 0.529653 0.025278 0.024306
0 0.208056 0.657778 0.018148 0.024722
17 0.086343 0.433889 0.010833 0.061111
17 0.086204 0.609028 0.008704 0.036111
17 0.250278 0.704306 0.024259 0.013889
17 0.285880 0.704306 0.032315 0.012778
17 0.331667 0.609931 0.008519 0.037361
17 0.331852 0.486389 0.008148 0.036111
16 0.160880 0.384931 0.074537 0.017917
16 0.142454 0.650764 0.035648 0.015972
16 0.209306 0.555556 0.016759 0.025278
16 0.258056 0.502292 0.020185 0.032917
16 0.231019 0.631806 0.027778 0.030000
16 0.211065 0.560556 0.020278 0.035833
16 0.228380 0.595556 0.024352 0.027778
16 0.277778 0.381181 0.075556 0.017639
15 0.077639 0.434167 0.010648 0.019722
15 0.078241 0.607431 0.009630 0.015139
15 0.250417 0.713681 0.014167 0.014306
15 0.287593 0.713264 0.009630 0.013472
15 0.339815 0.609306 0.007963 0.018889
15 0.340093 0.483681 0.009074 0.015694
14 0.163241 0.379931 0.011667 0.014306
14 0.143519 0.646667 0.011111 0.014722
14 0.216065 0.572778 0.009167 0.014444
14 0.259676 0.514792 0.009352 0.012917
14 0.236852 0.596181 0.007778 0.012917
14 0.236806 0.633056 0.010463 0.016944
14 0.282639 0.381042 0.011389 0.012639
13 0.256389 0.595556 0.010185 0.017222
13 0.204630 0.593889 0.010556 0.013889
12 0.214954 0.593542 0.008426 0.015417
11 0.212593 0.542917 0.009074 0.014444
10 0.161065 0.273056 0.065833 0.119722
10 0.219167 0.432431 0.090000 0.097361
10 0.303704 0.683056 0.046481 0.037500
9 0.223241 0.504931 0.053148 0.018194
9 0.244028 0.673125 0.014722 0.053750
7 0.307130 0.626806 0.050185 0.068333
6 0.286204 0.457778 0.032222 0.072778
16 0.141667 0.632292 0.038333 0.054306
16 0.665417 0.198056 0.061389 0.017778
16 0.733241 0.248681 0.021667 0.034306
16 0.748380 0.217292 0.009167 0.029028
16 0.739352 0.310556 0.000185 0.000000
16 0.736250 0.324792 0.022500 0.030139
16 0.709954 0.360903 0.024167 0.029583
16 0.769491 0.482639 0.021759 0.035278
16 0.809028 0.506806 0.021944 0.035556
16 0.732130 0.519306 0.020370 0.037500
16 0.750741 0.515417 0.026852 0.031667
16 0.792315 0.645278 0.060926 0.023611
14 0.668565 0.192292 0.014352 0.012917
14 0.745278 0.226181 0.010556 0.012361
14 0.733380 0.238681 0.009907 0.012917
14 0.745093 0.321806 0.010741 0.012222
14 0.719167 0.365556 0.008519 0.013889
14 0.825093 0.339931 0.013333 0.017917
14 0.731204 0.529931 0.009074 0.014583
14 0.746019 0.518542 0.010185 0.011806
14 0.769167 0.499306 0.008519 0.013611
14 0.809491 0.499931 0.008241 0.014583
14 0.788102 0.641181 0.011389 0.015417
16 0.817593 0.337917 0.024815 0.029722
13 0.687315 0.351528 0.016296 0.016944
13 0.754028 0.533056 0.011759 0.012500
11 0.775278 0.223681 0.010741 0.015694
11 0.816019 0.483681 0.011852 0.013472
9 0.752315 0.585556 0.014815 0.061944
9 0.700093 0.291042 0.014259 0.059306
7 0.650278 0.289931 0.052407 0.068194
7 0.814167 0.585278 0.048519 0.072778
1 0.790556 0.478681 0.014815 0.029028
1 0.789954 0.451181 0.013981 0.025139
1 0.801991 0.210139 0.023056 0.022778
1 0.825741 0.210556 0.026481 0.023889
0 0.793843 0.276528 0.020833 0.028889
0 0.828519 0.479306 0.017963 0.028889
15 0.618056 0.220556 0.008889 0.016111
15 0.797917 0.189931 0.011019 0.015417
15 0.844630 0.244306 0.008889 0.015833
15 0.844954 0.458056 0.009167 0.015833
15 0.844954 0.516667 0.008426 0.016111
15 0.645139 0.603542 0.011389 0.015694
15 0.664491 0.603264 0.009907 0.013750
15 0.682500 0.603542 0.010000 0.014306
15 0.602269 0.491806 0.009352 0.015278
15 0.618102 0.362153 0.010278 0.015972
17 0.624630 0.360903 0.007037 0.025139
17 0.624491 0.219931 0.007685 0.024306
17 0.796806 0.197431 0.059722 0.010972
17 0.838843 0.244931 0.005648 0.029028
17 0.839167 0.458403 0.007593 0.029306
17 0.839306 0.516181 0.008611 0.022639
17 0.684491 0.613264 0.014907 0.008472
17 0.664491 0.613542 0.014352 0.009861
17 0.644769 0.613264 0.015463 0.008472
17 0.609491 0.491806 0.009352 0.025278
3 0.822130 0.278542 0.032593 0.028750
3 0.804167 0.412778 0.017407 0.055278
2 0.772315 0.263681 0.026111 0.055694
2 0.826204 0.412153 0.025370 0.053472
1 0.323380 0.489306 0.013241 0.035556
5 0.323519 0.448681 0.014815 0.031806
11 0.414306 0.139792 0.007685 0.013472
12 0.414167 0.105556 0.007778 0.012500
13 0.413843 0.071181 0.008796 0.012639
