0 0.188056 0.449931 0.008889 0.009861
0 0.104028 0.525903 0.008426 0.007639
0 0.345741 0.302778 0.008704 0.010556
0 0.628241 0.334792 0.005926 0.012639
0 0.666528 0.337778 0.008241 0.008889
0 0.596852 0.497917 0.008704 0.010000
0 0.829954 0.315764 0.008056 0.008750
0 0.833241 0.266528 0.008333 0.008333
0 0.193241 0.459028 0.000185 0.000000
1 0.201343 0.463056 0.015648 0.010278
1 0.130741 0.499931 0.014815 0.009861
1 0.145602 0.500000 0.016204 0.010000
1 0.168056 0.379306 0.007222 0.015556
1 0.340880 0.321806 0.017685 0.011389
1 0.600417 0.336806 0.007130 0.018611
1 0.600278 0.353056 0.008333 0.018611
1 0.665880 0.352431 0.007315 0.019306
1 0.609491 0.463056 0.010833 0.011389
1 0.596528 0.523056 0.007315 0.036667
1 0.610139 0.564931 0.014537 0.012917
1 0.781991 0.235556 0.008241 0.022222
1 0.833056 0.254306 0.007778 0.015278
1 0.829954 0.330903 0.007685 0.017361
1 0.829630 0.344931 0.007593 0.017083
2 0.145602 0.440556 0.025648 0.038333
2 0.340602 0.285556 0.019537 0.018333
2 0.650741 0.344931 0.021852 0.033750
2 0.622315 0.528681 0.011296 0.025694
2 0.838241 0.298403 0.025185 0.021250
2 0.840139 0.280139 0.022500 0.015278
3 0.106806 0.473403 0.011389 0.033750
3 0.622454 0.503681 0.011759 0.027917
5 0.187917 0.407639 0.010093 0.011389
6 0.188565 0.308403 0.032315 0.042361
6 0.196065 0.364931 0.030833 0.030417
6 0.133565 0.301806 0.027130 0.040833
6 0.295093 0.365556 0.049815 0.046389
6 0.108519 0.619931 0.016667 0.021250
6 0.396806 0.292431 0.027130 0.030417
6 0.540417 0.344653 0.015648 0.026528
6 0.541204 0.620139 0.016667 0.022778
6 0.843565 0.438056 0.015833 0.025278
7 0.140093 0.574306 0.025000 0.035833
7 0.564491 0.397292 0.025648 0.036806
7 0.588102 0.589931 0.025463 0.036528
7 0.791389 0.419306 0.023889 0.038333
7 0.819491 0.190625 0.025463 0.036250
9 0.159630 0.372778 0.008148 0.057222
9 0.155741 0.642431 0.022222 0.012083
9 0.588519 0.642431 0.023148 0.013472
9 0.821204 0.238681 0.022778 0.011528
10 0.136389 0.599931 0.031111 0.015694
10 0.111528 0.432431 0.022500 0.032083
10 0.125139 0.372917 0.024722 0.068056
10 0.317130 0.409931 0.037593 0.016806
10 0.316806 0.426389 0.037685 0.017222
10 0.279167 0.499167 0.021481 0.055000
10 0.300602 0.498681 0.021574 0.056250
10 0.316852 0.499306 0.011296 0.058333
10 0.564769 0.366181 0.025278 0.028194
10 0.584167 0.614931 0.030741 0.013750
10 0.728704 0.416667 0.038148 0.034722
10 0.728565 0.359653 0.037870 0.017083
10 0.728704 0.383681 0.038519 0.032361
10 0.813843 0.419931 0.021574 0.033472
14 0.132593 0.258542 0.005000 0.008194
14 0.235417 0.313056 0.005278 0.007778
14 0.219630 0.354792 0.005370 0.008472
14 0.288102 0.310417 0.006204 0.008889
14 0.318889 0.302153 0.006111 0.008750
14 0.318889 0.266806 0.005926 0.009444
14 0.334352 0.356806 0.005741 0.009167
14 0.201852 0.424306 0.006111 0.009167
14 0.149815 0.485556 0.006111 0.008333
14 0.172176 0.491528 0.005463 0.008056
14 0.195417 0.508542 0.005278 0.008194
14 0.149491 0.537431 0.005648 0.008194
14 0.107639 0.519931 0.005463 0.008194
14 0.239815 0.527431 0.006111 0.009028
14 0.372130 0.292778 0.006111 0.008889
14 0.430093 0.223056 0.005185 0.010278
14 0.430139 0.423542 0.005648 0.008194
14 0.371806 0.327917 0.005463 0.008056
14 0.545880 0.554792 0.005648 0.008472
14 0.600556 0.551181 0.005185 0.007639
14 0.618704 0.550556 0.005370 0.008889
14 0.636065 0.524306 0.006204 0.008333
14 0.632639 0.602431 0.005648 0.007917
14 0.672778 0.563264 0.006296 0.008750
14 0.603889 0.479931 0.005000 0.008194
14 0.580741 0.429167 0.005370 0.008333
14 0.611806 0.398056 0.006204 0.008333
14 0.638380 0.384931 0.004907 0.008472
14 0.611204 0.344653 0.005741 0.008472
14 0.564491 0.302014 0.005278 0.007639
14 0.672269 0.351389 0.004537 0.007500
14 0.816204 0.438056 0.005741 0.007778
14 0.801528 0.382431 0.005648 0.008472
14 0.812778 0.338542 0.006296 0.008194
14 0.845417 0.337431 0.005463 0.007917
14 0.845000 0.261806 0.005000 0.007778
14 0.791667 0.229028 0.005370 0.008333
14 0.804491 0.261181 0.005463 0.007917
14 0.770093 0.228681 0.005370 0.008194
14 0.751991 0.310417 0.006389 0.007778
15 0.098380 0.273681 0.005463 0.008194
15 0.158843 0.278056 0.005278 0.008056
15 0.165602 0.272431 0.005463 0.007639
15 0.188241 0.267778 0.005185 0.008056
15 0.217454 0.278056 0.005278 0.008611
15 0.228380 0.278681 0.005278 0.009028
15 0.092454 0.443403 0.005278 0.008194
15 0.092315 0.497778 0.005370 0.009167
15 0.092269 0.520556 0.005463 0.008889
15 0.123519 0.665417 0.007037 0.008056
15 0.139676 0.668750 0.006389 0.007500
15 0.155880 0.672153 0.006759 0.008472
15 0.171852 0.668056 0.006852 0.007500
15 0.188519 0.665556 0.006296 0.007778
15 0.289954 0.595556 0.007130 0.010278
15 0.306204 0.598681 0.006852 0.008472
15 0.322454 0.595764 0.006759 0.008472
15 0.526991 0.311528 0.005093 0.008056
15 0.600880 0.310556 0.004722 0.008056
15 0.612917 0.309931 0.005648 0.007361
15 0.671343 0.310556 0.005463 0.008056
15 0.703056 0.310556 0.005741 0.008056
15 0.720602 0.310417 0.005278 0.007778
15 0.737917 0.310556 0.005463 0.008056
15 0.775417 0.313681 0.004907 0.008472
15 0.775602 0.301181 0.000278 0.000139
15 0.775602 0.261181 0.004722 0.007639
15 0.751667 0.225903 0.005370 0.008194
15 0.751852 0.192014 0.004815 0.007361
15 0.839491 0.193681 0.005093 0.007639
15 0.839769 0.215417 0.005648 0.008333
15 0.839491 0.261806 0.004537 0.006944
15 0.839491 0.321181 0.004722 0.008194
15 0.839491 0.393056 0.005648 0.007778
15 0.755093 0.596181 0.006852 0.009306
15 0.739167 0.599167 0.007407 0.009444
15 0.722917 0.596181 0.007870 0.009861
15 0.621343 0.664931 0.006204 0.007639
15 0.604630 0.668681 0.006296 0.008194
15 0.588519 0.672014 0.006111 0.008750
15 0.572269 0.668056 0.007315 0.007778
15 0.555741 0.665556 0.006111 0.009167
16 0.132963 0.269306 0.020000 0.018889
16 0.242917 0.313681 0.012130 0.028472
16 0.288241 0.328056 0.068704 0.006667
16 0.344167 0.356181 0.007593 0.016806
16 0.329028 0.302292 0.007685 0.015972
16 0.329028 0.268264 0.007315 0.016250
16 0.372130 0.278681 0.010926 0.011528
16 0.418704 0.224931 0.005185 0.090139
16 0.372269 0.342153 0.010093 0.008194
16 0.417917 0.424931 0.003981 0.088194
16 0.239630 0.538056 0.022963 0.020556
16 0.107269 0.509167 0.009907 0.010833
16 0.159630 0.537639 0.007222 0.015000
16 0.185741 0.508542 0.007593 0.018194
16 0.188519 0.528056 0.013148 0.008056
16 0.172778 0.478681 0.019259 0.019306
16 0.158519 0.485556 0.006111 0.015556
16 0.201991 0.438681 0.009537 0.009583
16 0.229769 0.355556 0.007500 0.029444
16 0.564954 0.318681 0.034167 0.006250
16 0.611667 0.358681 0.012222 0.011250
16 0.628889 0.385556 0.008148 0.016944
16 0.678565 0.351667 0.007685 0.015556
16 0.751852 0.324653 0.011852 0.011806
16 0.770602 0.243403 0.010463 0.009028
16 0.791667 0.243056 0.010370 0.011111
16 0.804306 0.249653 0.010833 0.010972
16 0.844815 0.249514 0.011111 0.010972
16 0.845093 0.350556 0.010000 0.010000
16 0.812917 0.351181 0.011389 0.009306
16 0.801204 0.369931 0.010370 0.010972
16 0.672593 0.553681 0.023333 0.022083
16 0.640278 0.603542 0.010741 0.033194
16 0.636343 0.538681 0.010833 0.011806
16 0.626806 0.551806 0.006759 0.015556
16 0.594028 0.550556 0.007315 0.016667
16 0.594352 0.479792 0.008148 0.016528
16 0.546204 0.569306 0.010185 0.008056
16 0.590093 0.429653 0.005741 0.013750
16 0.611806 0.411806 0.010833 0.010833
16 0.845139 0.753681 0.016574 0.014306
16 0.845139 0.765556 0.031389 0.006944
16 0.844769 0.778681 0.028426 0.013194
16 0.844815 0.791528 0.023889 0.013333
16 0.844491 0.803681 0.020648 0.013472
16 0.844954 0.815417 0.031204 0.006111
16 0.845741 0.828681 0.016296 0.013472
16 0.845139 0.854028 0.016389 0.013056
16 0.844954 0.866181 0.016389 0.013194
16 0.845093 0.879028 0.016667 0.013333
16 0.844954 0.891181 0.021204 0.012917
16 0.845139 0.902778 0.031389 0.009444
16 0.816528 0.454931 0.034167 0.007083
17 0.106343 0.286181 0.013611 0.021806
17 0.157778 0.284306 0.011852 0.019722
17 0.187778 0.285764 0.026667 0.008472
17 0.209167 0.289306 0.006667 0.013056
17 0.228843 0.296389 0.016389 0.006111
17 0.099352 0.443889 0.004259 0.014722
17 0.099352 0.499792 0.004259 0.018472
17 0.099306 0.521181 0.002315 0.014306
17 0.122778 0.646806 0.010926 0.006944
17 0.139167 0.648681 0.013519 0.007917
17 0.155741 0.654653 0.011481 0.006806
17 0.172593 0.649306 0.011852 0.008333
17 0.188565 0.647431 0.011204 0.006806
17 0.290417 0.576806 0.011019 0.006944
17 0.306019 0.580556 0.010926 0.006111
17 0.322454 0.577431 0.011944 0.007083
17 0.535278 0.324028 0.007778 0.010556
17 0.592315 0.322431 0.006111 0.010417
17 0.613102 0.328056 0.022500 0.004722
17 0.671528 0.328056 0.009722 0.005278
17 0.719954 0.327917 0.053056 0.005278
17 0.763843 0.314375 0.003796 0.023750
17 0.763704 0.261806 0.003704 0.024444
17 0.764028 0.226667 0.003796 0.025556
17 0.763565 0.192431 0.003611 0.025694
17 0.851204 0.193681 0.003333 0.015694
17 0.851806 0.215556 0.004537 0.016944
17 0.851343 0.262431 0.003241 0.023750
17 0.851852 0.321181 0.003704 0.024306
17 0.851343 0.394653 0.003426 0.035972
17 0.722917 0.577639 0.011204 0.006111
17 0.738843 0.581042 0.010278 0.005139
17 0.755093 0.577778 0.010556 0.005833
17 0.621204 0.647431 0.011111 0.004861
17 0.605093 0.651042 0.010926 0.005139
17 0.588565 0.654792 0.010463 0.005139
17 0.572269 0.650556 0.010648 0.005556
17 0.556065 0.647431 0.010833 0.004583
