0 0.326528 0.339028 0.008796 0.008056
0 0.170093 0.485417 0.006111 0.011944
0 0.084491 0.568056 0.008241 0.009167
0 0.602315 0.371667 0.006296 0.013056
0 0.640278 0.374306 0.008704 0.009167
0 0.570556 0.534306 0.008889 0.009167
0 0.804028 0.352431 0.008611 0.009306
0 0.806852 0.303056 0.007963 0.008611
1 0.148704 0.416181 0.006852 0.016528
1 0.182130 0.506181 0.010556 0.009306
1 0.111065 0.543403 0.016204 0.010139
1 0.126343 0.542917 0.017130 0.010833
1 0.321204 0.358542 0.019444 0.011250
1 0.574167 0.373681 0.007778 0.017639
1 0.574352 0.389306 0.008148 0.018333
1 0.639815 0.388681 0.007778 0.018750
1 0.583565 0.499306 0.010833 0.010833
1 0.584491 0.601806 0.015093 0.011667
1 0.570139 0.559792 0.006389 0.020694
1 0.806852 0.289931 0.007963 0.014583
1 0.803565 0.366806 0.007685 0.017222
1 0.803380 0.381806 0.008056 0.016944
1 0.755741 0.273056 0.007222 0.018333
2 0.812454 0.335139 0.024537 0.018611
2 0.814028 0.315556 0.022130 0.015833
2 0.596343 0.565556 0.011574 0.024722
2 0.624769 0.381806 0.021944 0.033333
2 0.321343 0.322153 0.019167 0.017639
2 0.126019 0.476667 0.026111 0.039444
3 0.087130 0.509931 0.011667 0.034583
3 0.596204 0.540556 0.011667 0.028611
5 0.168704 0.443056 0.010370 0.011111
6 0.114167 0.338542 0.027593 0.042083
6 0.176852 0.402153 0.029815 0.033194
6 0.276667 0.401181 0.053889 0.045694
6 0.376667 0.328681 0.028333 0.031528
6 0.514167 0.381806 0.016296 0.030278
6 0.089769 0.657014 0.017685 0.022639
6 0.515417 0.656806 0.017870 0.023056
6 0.169352 0.343681 0.034074 0.040972
6 0.817593 0.474306 0.015741 0.026111
7 0.121991 0.616806 0.026204 0.037778
7 0.538565 0.434028 0.025833 0.036389
7 0.561991 0.626806 0.026389 0.036111
7 0.765417 0.455556 0.023981 0.038333
7 0.793889 0.226806 0.026111 0.036389
9 0.140417 0.409931 0.009352 0.058472
9 0.136204 0.679653 0.022778 0.014861
9 0.562593 0.681806 0.022407 0.013056
9 0.795417 0.275556 0.022685 0.013056
10 0.105880 0.409028 0.024907 0.068333
10 0.092315 0.469931 0.021852 0.030417
10 0.259769 0.535556 0.021389 0.058056
10 0.297593 0.535556 0.011852 0.059167
10 0.281343 0.536181 0.021759 0.059028
10 0.297593 0.463056 0.037963 0.017222
10 0.297593 0.446181 0.037963 0.017083
10 0.538519 0.401806 0.024259 0.029167
10 0.117639 0.642431 0.030648 0.016528
10 0.558241 0.651042 0.030741 0.014306
10 0.702778 0.396181 0.037593 0.016806
10 0.702778 0.419931 0.038148 0.032917
10 0.702454 0.453056 0.038426 0.034722
10 0.787778 0.456181 0.021667 0.033194
16 0.112917 0.304931 0.020278 0.018750
16 0.223056 0.350417 0.010185 0.029722
16 0.268889 0.364306 0.068889 0.007222
16 0.309491 0.339306 0.007130 0.015556
16 0.309676 0.303056 0.006389 0.016111
16 0.352593 0.314931 0.011296 0.010972
16 0.352917 0.378681 0.010833 0.008472
16 0.324491 0.393403 0.006944 0.013472
16 0.210417 0.391806 0.007315 0.028333
16 0.182176 0.474931 0.010648 0.008194
16 0.152917 0.507292 0.018981 0.017917
16 0.166343 0.551042 0.007130 0.016806
16 0.139815 0.574792 0.005926 0.016250
16 0.088056 0.552431 0.010741 0.011528
16 0.087778 0.534306 0.010741 0.011111
16 0.139167 0.523056 0.005370 0.012778
16 0.201806 0.579792 0.011389 0.011250
16 0.232454 0.574306 0.021944 0.020556
16 0.398889 0.460556 0.006111 0.088333
16 0.399028 0.260903 0.003796 0.090972
16 0.520093 0.604306 0.010185 0.008333
16 0.600741 0.588056 0.006481 0.014167
16 0.610139 0.574306 0.010648 0.011111
16 0.568519 0.516181 0.006667 0.016528
16 0.568056 0.586806 0.006481 0.016667
16 0.564306 0.466528 0.006389 0.014444
16 0.585741 0.448681 0.010556 0.013750
16 0.602917 0.422431 0.008611 0.018472
16 0.774815 0.405556 0.010741 0.011944
16 0.786991 0.387431 0.010278 0.007639
16 0.819630 0.387431 0.010000 0.010417
16 0.766065 0.279653 0.009722 0.008472
16 0.744167 0.279653 0.010556 0.011528
16 0.778380 0.286181 0.010463 0.010694
16 0.818843 0.285556 0.010648 0.010833
16 0.698102 0.364653 0.072500 0.009306
16 0.652593 0.388056 0.008704 0.015833
16 0.538843 0.356181 0.034352 0.007639
16 0.585602 0.395556 0.011759 0.013056
17 0.086852 0.322778 0.015000 0.019444
17 0.137917 0.321389 0.011019 0.022222
17 0.147269 0.326806 0.007315 0.013333
17 0.168519 0.322014 0.026852 0.006250
17 0.189352 0.326181 0.007222 0.013194
17 0.208843 0.331806 0.016389 0.006389
17 0.079954 0.559306 0.002870 0.013056
17 0.104630 0.682153 0.012778 0.011806
17 0.120556 0.688403 0.012407 0.009583
17 0.136528 0.691250 0.013056 0.007500
17 0.152778 0.689931 0.012037 0.006528
17 0.162130 0.680764 0.000370 0.000139
17 0.168519 0.683056 0.014074 0.009722
17 0.261204 0.610556 0.011667 0.007500
17 0.274491 0.615764 0.011389 0.010139
17 0.287593 0.617431 0.011852 0.007361
17 0.300139 0.616528 0.010648 0.009722
17 0.313241 0.610556 0.010926 0.013333
17 0.508704 0.359306 0.007778 0.010833
17 0.566667 0.359931 0.006296 0.012639
17 0.587593 0.364306 0.023704 0.007500
17 0.645556 0.364306 0.008889 0.006111
17 0.737778 0.350556 0.004630 0.025556
17 0.737778 0.298889 0.004815 0.026111
17 0.737639 0.263056 0.004722 0.026667
17 0.737917 0.228681 0.005093 0.023750
17 0.825278 0.227153 0.004259 0.026528
17 0.825278 0.297778 0.004630 0.024444
17 0.824954 0.429306 0.004537 0.034722
17 0.739815 0.610278 0.012222 0.012222
17 0.726806 0.616806 0.012500 0.006944
17 0.713519 0.616181 0.012037 0.007639
17 0.700556 0.616181 0.012037 0.010417
17 0.687454 0.611042 0.011204 0.013194
17 0.658704 0.581181 0.022407 0.005972
17 0.595278 0.683056 0.013148 0.011111
17 0.578565 0.689306 0.012130 0.007222
17 0.563102 0.690764 0.013426 0.007361
17 0.546528 0.688681 0.012500 0.010694
17 0.529954 0.682431 0.011204 0.012083
17 0.506343 0.622292 0.003241 0.016806
