16 0.085556 0.143542 0.023148 0.037083
16 0.348889 0.086181 0.072963 0.016528
16 0.416528 0.071528 0.024537 0.037778
16 0.392639 0.130903 0.009537 0.091250
16 0.421806 0.190556 0.031389 0.014444
16 0.299491 0.257917 0.025278 0.041944
16 0.414167 0.235556 0.018889 0.030556
16 0.510278 0.144514 0.023704 0.034861
16 0.725417 0.260000 0.026759 0.040000
16 0.774167 0.087292 0.072222 0.019583
16 0.816667 0.127639 0.010185 0.088889
16 0.842269 0.071806 0.024352 0.037222
16 0.847269 0.189306 0.031204 0.019167
16 0.840602 0.234931 0.018611 0.030694
16 0.327269 0.479306 0.074352 0.013333
16 0.380278 0.574514 0.017407 0.031528
16 0.393241 0.631181 0.016481 0.032083
16 0.231852 0.755278 0.008148 0.199444
15 0.414491 0.466181 0.014722 0.018472
15 0.265417 0.466528 0.013426 0.018056
15 0.401343 0.707639 0.013611 0.020000
14 0.351667 0.076389 0.011481 0.008889
14 0.418056 0.076389 0.011111 0.009722
14 0.326852 0.466250 0.012222 0.017500
14 0.232778 0.756806 0.012778 0.017222
14 0.386019 0.631806 0.011667 0.019444
14 0.372593 0.574653 0.012778 0.018194
13 0.406065 0.556806 0.008796 0.012222
13 0.305880 0.572153 0.007870 0.012083
12 0.305880 0.558681 0.007685 0.011250
11 0.406852 0.652153 0.007778 0.011806
10 0.348102 0.548681 0.053611 0.124861
9 0.434769 0.521528 0.007685 0.068056
6 0.291667 0.621806 0.046852 0.055000
3 0.413102 0.284931 0.050463 0.035417
2 0.425741 0.675556 0.026481 0.038889
1 0.431019 0.246181 0.014630 0.040972
1 0.431343 0.636181 0.015648 0.046250
1 0.256991 0.490139 0.022685 0.021111
0 0.396065 0.247431 0.015833 0.019583
0 0.401343 0.682292 0.012130 0.024861
0 0.822269 0.247778 0.016019 0.020556
1 0.856667 0.246806 0.014815 0.041944
3 0.839028 0.284931 0.050648 0.034861
14 0.777454 0.076806 0.011204 0.010833
14 0.844306 0.076181 0.011019 0.009861
17 0.409630 0.478056 0.046111 0.008333
17 0.401204 0.695556 0.022963 0.008056
17 0.260880 0.478056 0.044722 0.007778
