16 0.184167 0.085903 0.013704 0.019306
16 0.601065 0.303264 0.017685 0.029028
16 0.387593 0.349931 0.026667 0.030694
16 0.097778 0.220556 0.034074 0.006389
16 0.160741 0.220556 0.030556 0.006944
15 0.286852 0.087431 0.011111 0.010694
15 0.343102 0.085556 0.011759 0.009444
15 0.683241 0.343681 0.011481 0.009028
15 0.663565 0.546806 0.010648 0.008611
15 0.634306 0.546806 0.010463 0.008333
15 0.301204 0.397431 0.010556 0.008194
15 0.171389 0.407431 0.011111 0.008194
14 0.171528 0.086806 0.010833 0.009444
14 0.474630 0.159028 0.011111 0.009444
14 0.389167 0.364167 0.010926 0.008056
3 0.136806 0.257431 0.017315 0.069861
2 0.709630 0.353403 0.020185 0.030417
1 0.178380 0.238681 0.016944 0.034028
1 0.711667 0.396042 0.016296 0.032917
0 0.178519 0.274306 0.016111 0.019444
0 0.671852 0.354306 0.015926 0.018056
17 0.301528 0.404306 0.085278 0.010278
17 0.171019 0.414514 0.072222 0.008472
17 0.078102 0.149306 0.005648 0.065556
17 0.286065 0.080278 0.059722 0.009722
17 0.126806 0.369306 0.006389 0.067222
17 0.448704 0.429028 0.053519 0.050556
17 0.631204 0.553056 0.034074 0.009444
17 0.665926 0.553056 0.034074 0.009167
17 0.681528 0.337292 0.029907 0.007917
17 0.343704 0.079306 0.033148 0.008056
17 0.544491 0.468681 0.040278 0.042083
15 0.451343 0.423681 0.012500 0.014028
15 0.547315 0.463264 0.011667 0.013472
15 0.552917 0.219306 0.011944 0.014167
16 0.478519 0.151806 0.065185 0.062500
17 0.556852 0.215556 0.040185 0.040000
14 0.606343 0.305278 0.010648 0.008056
16 0.647593 0.484306 0.007963 0.123056
16 0.635139 0.376667 0.050463 0.019444
