13 0.155880 0.254931 0.007870 0.011806
13 0.513241 0.363056 0.008519 0.011111
13 0.633565 0.404306 0.007315 0.010278
13 0.686065 0.572778 0.008241 0.011389
13 0.608056 0.600764 0.008333 0.010972
13 0.437176 0.509931 0.008426 0.011528
13 0.281065 0.425278 0.008611 0.011111
13 0.150880 0.508889 0.008241 0.010278
13 0.301204 0.249792 0.008704 0.011806
12 0.408843 0.424306 0.008611 0.011111
11 0.358889 0.235903 0.008148 0.013194
11 0.335093 0.304931 0.007778 0.012361
11 0.679491 0.409028 0.007500 0.010833
11 0.652269 0.525556 0.007315 0.011944
13 0.308889 0.365278 0.007778 0.012500
11 0.127778 0.376806 0.007222 0.011667
10 0.430880 0.343542 0.093611 0.141250
10 0.292454 0.470417 0.092870 0.095833
9 0.298843 0.393681 0.046944 0.018194
9 0.549815 0.564792 0.032963 0.071250
7 0.213889 0.261806 0.052222 0.103056
7 0.266065 0.261806 0.049537 0.103611
7 0.155417 0.453056 0.061389 0.075000
7 0.687778 0.619306 0.049630 0.097222
6 0.492917 0.520903 0.075648 0.097639
6 0.540741 0.411806 0.060370 0.081111
6 0.604954 0.648889 0.070648 0.052778
5 0.579028 0.374167 0.024167 0.034722
3 0.094954 0.410278 0.048241 0.036944
2 0.094769 0.368681 0.046574 0.050694
2 0.698889 0.498403 0.027963 0.076528
1 0.333843 0.257778 0.030648 0.023889
1 0.330139 0.281806 0.022500 0.022222
1 0.666528 0.473056 0.041389 0.026111
1 0.150556 0.404167 0.065741 0.022500
0 0.362130 0.263056 0.014815 0.028056
0 0.354306 0.283681 0.014722 0.025694
0 0.676991 0.522153 0.013611 0.025139
0 0.173241 0.355903 0.014259 0.025139
17 0.076204 0.429306 0.009815 0.006667
17 0.163565 0.536806 0.072685 0.009722
17 0.294491 0.526181 0.086389 0.009583
17 0.441204 0.551042 0.050926 0.049306
17 0.504167 0.602431 0.051667 0.051250
17 0.623565 0.675556 0.033426 0.009167
17 0.658519 0.675278 0.033889 0.008333
17 0.713380 0.487153 0.004907 0.035417
17 0.713380 0.416042 0.004722 0.034583
17 0.549306 0.338264 0.039352 0.038750
17 0.336528 0.201667 0.033611 0.008889
17 0.279954 0.201806 0.058056 0.008333
16 0.162454 0.202917 0.079907 0.013611
16 0.323704 0.219514 0.016111 0.031250
16 0.473843 0.274306 0.077685 0.072778
16 0.642593 0.383681 0.045000 0.012639
16 0.652130 0.547431 0.022407 0.025694
16 0.638102 0.606806 0.010463 0.122778
16 0.570278 0.595556 0.009074 0.069722
16 0.601806 0.445556 0.025278 0.071944
16 0.576343 0.508056 0.015278 0.027778
16 0.329815 0.333056 0.023148 0.026389
16 0.285880 0.334792 0.021389 0.024306
16 0.208565 0.335278 0.020833 0.024444
16 0.149167 0.351181 0.020556 0.024306
16 0.195602 0.424306 0.020648 0.025556
15 0.279630 0.188056 0.013889 0.017500
15 0.336343 0.188056 0.014352 0.017500
15 0.557315 0.331806 0.012963 0.020000
15 0.721343 0.416181 0.011389 0.020972
15 0.721343 0.486806 0.011204 0.020556
15 0.658056 0.688056 0.014815 0.018056
15 0.623056 0.688056 0.015185 0.017222
15 0.499815 0.612431 0.012963 0.021806
15 0.437593 0.561042 0.013704 0.020694
15 0.294352 0.537292 0.013704 0.016806
15 0.159491 0.549306 0.013981 0.018333
15 0.073843 0.443056 0.014722 0.018056
14 0.162778 0.189931 0.012222 0.017917
14 0.316991 0.219792 0.012130 0.018194
14 0.329491 0.344931 0.012870 0.018194
14 0.286528 0.345139 0.011574 0.017222
14 0.208889 0.345417 0.012037 0.017500
14 0.195417 0.413681 0.011944 0.017361
14 0.128102 0.326250 0.011389 0.020000
14 0.149306 0.340903 0.012130 0.017639
14 0.477454 0.265417 0.013056 0.020000
14 0.642778 0.370556 0.012407 0.016667
14 0.668102 0.415278 0.011759 0.019444
14 0.601389 0.428681 0.011852 0.017917
14 0.625741 0.542153 0.012222 0.017361
14 0.581065 0.511181 0.012130 0.019583
14 0.637176 0.606806 0.012500 0.016389
14 0.577269 0.609653 0.012315 0.017083
14 0.381806 0.514931 0.012685 0.018472
16 0.120417 0.310556 0.009167 0.060000
16 0.660463 0.413403 0.017037 0.033194
1 0.547269 0.348542 0.022315 0.032917
16 0.625556 0.543056 0.021111 0.026111
1 0.133704 0.403681 0.032778 0.023194
1 0.166528 0.403681 0.033241 0.023194
11 0.773380 0.318264 0.007685 0.012639
12 0.773565 0.283056 0.007685 0.011944
13 0.773241 0.248056 0.008148 0.012500
16 0.376852 0.792431 0.019259 0.014028
16 0.376528 0.803056 0.031389 0.008056
16 0.376667 0.816806 0.031481 0.006389
16 0.376343 0.829792 0.031759 0.007639
16 0.376528 0.841806 0.031944 0.011111
16 0.376343 0.854792 0.011389 0.012083
16 0.376991 0.866806 0.011204 0.012778
16 0.376528 0.879792 0.023611 0.013472
16 0.376806 0.891806 0.027130 0.013056
16 0.376806 0.904306 0.030463 0.013333
16 0.381852 0.491875 0.039259 0.031250
17 0.208889 0.791806 0.035185 0.007222
17 0.208889 0.804306 0.035000 0.006667
17 0.209028 0.816806 0.011574 0.008889
17 0.208843 0.829653 0.034722 0.005972
17 0.208704 0.841667 0.032778 0.008056
17 0.208843 0.854306 0.034352 0.008611
17 0.208704 0.867431 0.023889 0.007361
17 0.209352 0.879306 0.024074 0.008889
17 0.208519 0.892292 0.034815 0.008472
17 0.208843 0.904306 0.034722 0.007778
17 0.208704 0.917292 0.034259 0.006806
17 0.208889 0.929653 0.035185 0.007917
