0 0.468843 0.669792 0.012130 0.023472
0 0.093241 0.631528 0.016111 0.018611
1 0.134769 0.533056 0.023611 0.017222
1 0.157917 0.533681 0.024352 0.015694
1 0.487917 0.643542 0.015093 0.029583
1 0.567130 0.777292 0.021296 0.021250
1 0.771991 0.832014 0.018981 0.019861
2 0.114352 0.556181 0.018889 0.061250
2 0.094815 0.556181 0.017963 0.060694
5 0.641204 0.723542 0.018704 0.043194
5 0.744815 0.829931 0.029259 0.025417
6 0.574815 0.691181 0.074815 0.054028
6 0.579491 0.448681 0.093241 0.080139
6 0.401204 0.174931 0.088704 0.080972
6 0.846667 0.741181 0.050000 0.092361
6 0.294769 0.419931 0.027685 0.069583
7 0.234491 0.495556 0.048796 0.067222
9 0.302639 0.507778 0.011389 0.059722
10 0.462917 0.369931 0.041204 0.081528
10 0.349491 0.424167 0.039722 0.035833
10 0.388519 0.423681 0.039815 0.037083
10 0.355093 0.511806 0.064074 0.134167
10 0.576343 0.566250 0.086204 0.082500
10 0.744306 0.678681 0.093426 0.117917
11 0.178843 0.638681 0.008796 0.011806
11 0.165093 0.555556 0.007037 0.011667
11 0.490417 0.665556 0.008056 0.011944
12 0.436019 0.654792 0.008148 0.013194
13 0.217454 0.409306 0.008056 0.013056
13 0.443889 0.654653 0.008148 0.012917
13 0.644630 0.421806 0.007593 0.012778
13 0.317269 0.364792 0.007685 0.012917
14 0.249769 0.394306 0.010648 0.014722
14 0.399769 0.314306 0.011389 0.014444
14 0.575556 0.395556 0.012222 0.017500
14 0.643704 0.493542 0.010741 0.016806
14 0.460278 0.643681 0.011296 0.015694
14 0.385139 0.828056 0.009722 0.014722
14 0.311389 0.673681 0.011852 0.016528
14 0.278704 0.628542 0.011481 0.018750
14 0.295880 0.609931 0.011204 0.017361
14 0.170741 0.575278 0.011111 0.015000
14 0.122917 0.631042 0.011204 0.016250
14 0.197778 0.851806 0.012037 0.016944
14 0.498241 0.725556 0.011296 0.015556
15 0.075093 0.804306 0.011667 0.017778
15 0.133426 0.872500 0.013889 0.017500
15 0.197315 0.872917 0.013889 0.017222
15 0.261991 0.872778 0.010648 0.017500
15 0.484954 0.811042 0.013426 0.018194
15 0.539630 0.809931 0.012037 0.016528
15 0.581343 0.809931 0.011389 0.015694
15 0.623056 0.810139 0.013148 0.017778
16 0.399028 0.299931 0.169907 0.010694
16 0.249630 0.382778 0.064630 0.009444
16 0.385278 0.823125 0.032778 0.038750
16 0.489815 0.726042 0.018333 0.029306
16 0.463843 0.644306 0.018796 0.031389
16 0.128380 0.630556 0.015833 0.028333
16 0.166065 0.575556 0.017870 0.030833
16 0.296528 0.597431 0.021759 0.028194
16 0.271343 0.628681 0.019352 0.031250
16 0.302778 0.674167 0.018704 0.033889
16 0.575093 0.382431 0.157037 0.010417
16 0.652593 0.497917 0.007778 0.228056
17 0.622639 0.788681 0.043426 0.010139
17 0.581806 0.789514 0.044722 0.010139
17 0.540278 0.789653 0.045926 0.012083
17 0.485093 0.788542 0.021667 0.009306
17 0.405556 0.838056 0.015000 0.009444
17 0.363056 0.838681 0.016111 0.008750
17 0.261852 0.861806 0.065741 0.009444
17 0.198380 0.862639 0.067685 0.010000
17 0.133519 0.861181 0.066852 0.008194
17 0.085417 0.806806 0.006574 0.105278
