0 0.190417 0.503681 0.016574 0.018472
0 0.183426 0.721181 0.015926 0.017639
0 0.200741 0.715556 0.016667 0.017500
0 0.630417 0.495556 0.016389 0.017222
1 0.186343 0.692431 0.014722 0.035694
1 0.199028 0.744306 0.013056 0.034444
1 0.188519 0.532917 0.011852 0.033056
1 0.631991 0.538056 0.011204 0.027778
1 0.631667 0.564167 0.011296 0.029167
2 0.204954 0.477778 0.042130 0.029167
2 0.211204 0.689931 0.036111 0.029306
2 0.174167 0.747292 0.035556 0.028194
2 0.613704 0.448403 0.050000 0.034306
3 0.612269 0.414028 0.035463 0.033333
6 0.295602 0.764167 0.032315 0.047778
6 0.298241 0.415556 0.027407 0.049167
7 0.250741 0.467292 0.048148 0.068194
7 0.134306 0.595556 0.049537 0.072500
7 0.289167 0.680903 0.047407 0.077639
7 0.555556 0.476806 0.064444 0.073056
9 0.308889 0.476528 0.007963 0.063611
9 0.233704 0.687292 0.005741 0.059861
10 0.409491 0.409167 0.082130 0.068056
10 0.160139 0.496806 0.039537 0.031111
11 0.159954 0.685556 0.006944 0.011944
11 0.222269 0.753056 0.007315 0.011944
11 0.220741 0.498681 0.007407 0.012083
11 0.593565 0.469306 0.007130 0.010833
11 0.704769 0.237431 0.008241 0.012639
12 0.321065 0.547431 0.008796 0.012083
12 0.704352 0.203056 0.007222 0.010833
13 0.704491 0.168056 0.007870 0.012778
13 0.184954 0.559167 0.009907 0.015556
13 0.281806 0.543056 0.008426 0.016389
13 0.283102 0.598056 0.009722 0.013611
13 0.580139 0.400556 0.010648 0.014167
14 0.143704 0.527500 0.011667 0.015000
14 0.202269 0.571181 0.010648 0.015694
14 0.225278 0.531806 0.010741 0.014722
14 0.299306 0.548889 0.010278 0.014722
14 0.299491 0.588681 0.009537 0.016250
14 0.231343 0.630556 0.009352 0.015556
14 0.142315 0.672431 0.010000 0.014583
14 0.167130 0.676806 0.009630 0.015278
14 0.231528 0.741181 0.009537 0.014861
14 0.225093 0.408681 0.010000 0.013750
14 0.261991 0.400903 0.010833 0.014861
14 0.459769 0.558542 0.010833 0.016250
14 0.520093 0.583056 0.010000 0.015556
14 0.576065 0.583056 0.009537 0.016667
14 0.589352 0.560278 0.010741 0.015278
14 0.512315 0.402917 0.010741 0.014722
15 0.610880 0.380000 0.010833 0.015000
15 0.594676 0.703056 0.010648 0.015556
15 0.506204 0.703542 0.011481 0.015694
15 0.452639 0.741181 0.012315 0.018472
15 0.388102 0.739931 0.012685 0.016806
15 0.324306 0.739792 0.013056 0.017917
15 0.299491 0.797778 0.011944 0.014444
15 0.271991 0.797292 0.010648 0.015417
15 0.243565 0.797292 0.011389 0.015417
15 0.210880 0.776181 0.010833 0.014861
15 0.173380 0.776042 0.011574 0.014861
15 0.139352 0.776181 0.010741 0.014306
15 0.207315 0.399931 0.010370 0.015139
15 0.332593 0.467639 0.010741 0.015000
15 0.368889 0.467431 0.011111 0.016528
15 0.405880 0.468056 0.011019 0.015833
15 0.441713 0.467431 0.011574 0.014861
15 0.469491 0.464931 0.009537 0.017917
16 0.143056 0.516806 0.064074 0.011111
16 0.192639 0.571806 0.018611 0.031667
16 0.223380 0.631181 0.017130 0.031250
16 0.167269 0.683681 0.019352 0.022639
16 0.142778 0.684306 0.019630 0.023611
16 0.223565 0.741181 0.016389 0.028750
16 0.299306 0.601806 0.022500 0.029167
16 0.520417 0.589653 0.020463 0.025972
16 0.468704 0.559028 0.017963 0.034444
16 0.575880 0.589931 0.019907 0.027361
16 0.594167 0.559931 0.016667 0.031250
16 0.513843 0.390556 0.103241 0.009444
16 0.263241 0.389931 0.066852 0.009028
16 0.220139 0.409931 0.018611 0.027917
16 0.220556 0.532778 0.017222 0.027778
16 0.299954 0.539931 0.021019 0.029306
17 0.207454 0.389306 0.019537 0.010278
17 0.139028 0.762917 0.029167 0.010278
17 0.173056 0.762917 0.034815 0.009444
17 0.211667 0.762639 0.037222 0.008889
17 0.244167 0.783889 0.020741 0.008889
17 0.271343 0.783403 0.020648 0.009306
17 0.299491 0.783681 0.020093 0.008472
17 0.324815 0.726667 0.020741 0.011111
17 0.452454 0.726806 0.019167 0.009722
17 0.388241 0.726528 0.114259 0.012222
17 0.332454 0.457292 0.038056 0.006528
17 0.369167 0.456806 0.038519 0.006944
17 0.405417 0.456806 0.038796 0.008333
17 0.441343 0.455764 0.039722 0.007639
17 0.506806 0.689306 0.020463 0.010278
17 0.595278 0.688542 0.021667 0.008194
17 0.611343 0.390278 0.047315 0.008333
17 0.461667 0.466042 0.004815 0.155694
