0 0.186389 0.469931 0.017037 0.019583
0 0.275139 0.557292 0.017500 0.021250
0 0.378889 0.520903 0.018889 0.020694
0 0.450602 0.693056 0.016759 0.020556
1 0.181204 0.549167 0.024444 0.026944
1 0.198889 0.539306 0.025926 0.024167
1 0.282593 0.588681 0.021667 0.040694
1 0.350093 0.502431 0.023704 0.031250
1 0.442454 0.662014 0.022500 0.042639
1 0.460417 0.661806 0.019722 0.039167
1 0.499954 0.623542 0.017130 0.027083
3 0.259167 0.537431 0.044444 0.040417
3 0.136667 0.469931 0.037222 0.064028
3 0.446204 0.727014 0.040185 0.050139
5 0.513565 0.694306 0.017685 0.027500
6 0.460602 0.376181 0.067315 0.140417
6 0.500278 0.577292 0.061296 0.142917
7 0.211528 0.359028 0.057870 0.086111
7 0.193102 0.592431 0.056389 0.090417
7 0.338380 0.708681 0.060648 0.089861
9 0.281991 0.363681 0.025093 0.069306
9 0.322917 0.632292 0.030648 0.020694
9 0.213704 0.681042 0.031111 0.019861
9 0.149491 0.398056 0.014352 0.049444
10 0.322917 0.269167 0.049722 0.055278
10 0.335556 0.322778 0.057037 0.088333
10 0.344306 0.388681 0.065648 0.062917
11 0.118056 0.459306 0.009259 0.010556
11 0.254630 0.557917 0.007037 0.011944
11 0.429630 0.661181 0.007778 0.013194
11 0.316343 0.496042 0.008611 0.014028
11 0.364306 0.494931 0.008426 0.012917
11 0.662315 0.163056 0.008148 0.013056
12 0.376528 0.265556 0.008241 0.012778
12 0.662454 0.127431 0.007685 0.012917
13 0.211991 0.316806 0.007685 0.013056
13 0.372454 0.252917 0.008056 0.011944
13 0.150417 0.588681 0.008241 0.012639
13 0.296019 0.656042 0.008704 0.012083
13 0.662454 0.093681 0.008241 0.012639
14 0.248380 0.413056 0.011204 0.018333
14 0.263519 0.471042 0.011852 0.017083
14 0.203565 0.498542 0.010833 0.018194
14 0.155278 0.683681 0.009815 0.017917
14 0.270556 0.670764 0.010741 0.018472
14 0.273380 0.615139 0.010463 0.018889
14 0.297917 0.618681 0.010463 0.015972
14 0.373056 0.602431 0.010185 0.016250
14 0.403565 0.634167 0.010833 0.018056
14 0.413056 0.678681 0.011296 0.017639
14 0.548426 0.512431 0.011852 0.017361
14 0.360741 0.533681 0.000185 0.000694
14 0.364676 0.542431 0.011574 0.018750
14 0.310556 0.536667 0.011111 0.018333
15 0.111806 0.429167 0.012315 0.018611
15 0.101852 0.465556 0.012963 0.020556
15 0.106204 0.489306 0.012778 0.018333
15 0.120417 0.548681 0.012130 0.018750
15 0.131204 0.600556 0.011667 0.018889
15 0.144491 0.642431 0.011389 0.019583
15 0.179769 0.718681 0.011574 0.018472
15 0.387315 0.721806 0.000185 0.001111
15 0.391852 0.730764 0.011111 0.018472
15 0.415880 0.719653 0.011389 0.019306
15 0.478565 0.737917 0.011204 0.019444
15 0.505602 0.724931 0.012315 0.017917
15 0.545880 0.704653 0.010833 0.019028
15 0.572269 0.689653 0.013426 0.020417
15 0.469491 0.258056 0.012130 0.018889
15 0.456065 0.232431 0.010648 0.018750
15 0.429491 0.247153 0.012870 0.017083
15 0.403380 0.260417 0.010648 0.019167
15 0.352269 0.226806 0.012685 0.018056
15 0.328843 0.231181 0.012500 0.018750
15 0.293565 0.243542 0.011759 0.019306
15 0.273889 0.252431 0.012037 0.018750
15 0.212917 0.288056 0.012315 0.019167
15 0.195417 0.301181 0.012130 0.018750
15 0.154352 0.317778 0.011111 0.018889
15 0.149306 0.449931 0.011389 0.019861
15 0.292778 0.466042 0.011111 0.018194
15 0.424028 0.534306 0.013796 0.019444
15 0.436389 0.497917 0.012963 0.021667
15 0.411852 0.474931 0.012963 0.019028
16 0.200741 0.496806 0.018889 0.031111
16 0.268102 0.607153 0.020463 0.030694
16 0.293519 0.624931 0.016852 0.041250
16 0.280741 0.678403 0.018704 0.045972
16 0.160602 0.678056 0.020648 0.058889
16 0.315741 0.533056 0.021111 0.066111
16 0.260093 0.474792 0.020926 0.035694
16 0.361204 0.538194 0.022407 0.022500
16 0.406991 0.631806 0.021204 0.035278
16 0.373704 0.608056 0.023333 0.026944
16 0.420278 0.676181 0.017778 0.031806
16 0.251065 0.413264 0.014352 0.034028
17 0.151343 0.305556 0.047130 0.036944
17 0.194491 0.283681 0.043981 0.036250
17 0.218843 0.282431 0.008796 0.025972
17 0.274306 0.263681 0.023611 0.021806
17 0.295556 0.255556 0.021111 0.020278
17 0.330278 0.242431 0.022778 0.017083
17 0.350926 0.239306 0.022037 0.015833
17 0.407917 0.268681 0.029537 0.025417
17 0.434491 0.256667 0.027500 0.029722
17 0.459028 0.243542 0.025833 0.025694
17 0.477269 0.250556 0.010278 0.042500
17 0.412593 0.487431 0.028704 0.009028
17 0.429028 0.499028 0.008796 0.034444
17 0.419954 0.517153 0.026574 0.019583
17 0.300139 0.462431 0.009537 0.017083
17 0.569815 0.680417 0.016296 0.010000
17 0.543056 0.693264 0.042037 0.030972
17 0.502639 0.711806 0.042500 0.031944
17 0.475093 0.726806 0.014815 0.015833
17 0.412454 0.708681 0.015093 0.017917
17 0.388889 0.719931 0.015185 0.015694
17 0.176991 0.704931 0.020833 0.021528
17 0.149815 0.634028 0.016852 0.056667
17 0.140880 0.596181 0.010278 0.029028
17 0.128102 0.540417 0.025278 0.092222
17 0.115278 0.484306 0.010556 0.029444
17 0.110093 0.461181 0.011481 0.027917
17 0.114954 0.444931 0.023056 0.019583
17 0.157176 0.446042 0.009352 0.026806
