0 0.417593 0.473056 0.017222 0.015833
0 0.460278 0.434931 0.014444 0.025694
1 0.419306 0.443264 0.011759 0.026250
1 0.443843 0.447917 0.016759 0.023056
3 0.474028 0.406806 0.032500 0.070833
7 0.462454 0.311389 0.061759 0.085000
9 0.406343 0.327431 0.027315 0.068194
10 0.217176 0.366181 0.090648 0.095694
11 0.426204 0.411806 0.007778 0.013333
11 0.397130 0.478681 0.008519 0.011806
11 0.662593 0.163056 0.008889 0.014167
12 0.662639 0.128681 0.009352 0.014306
12 0.379815 0.331181 0.008889 0.014028
13 0.663056 0.093681 0.009815 0.015972
13 0.468843 0.249306 0.009167 0.012778
13 0.389352 0.331042 0.009074 0.013750
13 0.414491 0.504306 0.008611 0.012778
14 0.129676 0.627431 0.010648 0.017361
14 0.196019 0.504306 0.011852 0.017222
14 0.192454 0.451042 0.010648 0.018472
14 0.283843 0.336181 0.010463 0.017639
14 0.409954 0.388681 0.011389 0.016806
14 0.403241 0.423056 0.012222 0.015833
14 0.378843 0.485417 0.011759 0.015556
14 0.446991 0.393681 0.011944 0.017917
14 0.493241 0.368681 0.011481 0.015972
14 0.432917 0.272431 0.012870 0.014861
15 0.406528 0.284306 0.011204 0.015278
15 0.462778 0.259931 0.010741 0.015694
15 0.482917 0.248681 0.011019 0.015972
15 0.348843 0.337014 0.010833 0.016528
15 0.317454 0.336181 0.012315 0.016528
15 0.210093 0.301042 0.011852 0.016806
15 0.182130 0.300556 0.010926 0.016111
15 0.161667 0.341181 0.010556 0.017917
15 0.163102 0.395278 0.010463 0.016944
15 0.150926 0.781806 0.011852 0.017222
15 0.185278 0.780903 0.010370 0.015972
15 0.219630 0.781181 0.011111 0.016528
15 0.255139 0.781806 0.012315 0.018056
16 0.433241 0.258542 0.032222 0.019306
16 0.490278 0.371806 0.021852 0.024444
16 0.444213 0.395417 0.021574 0.026944
16 0.415880 0.387153 0.013611 0.034583
16 0.403704 0.431181 0.022222 0.021806
16 0.380139 0.494792 0.022685 0.023194
16 0.288519 0.314931 0.038889 0.012917
16 0.181343 0.449306 0.053796 0.069167
16 0.195602 0.487917 0.053426 0.011667
17 0.476667 0.251528 0.011296 0.039167
17 0.458889 0.243403 0.031111 0.024583
17 0.404769 0.273681 0.035648 0.018472
17 0.349352 0.313056 0.035000 0.008889
17 0.317454 0.313403 0.033056 0.007917
17 0.208241 0.314306 0.027407 0.010833
17 0.181852 0.313681 0.030000 0.008194
17 0.170880 0.343750 0.006574 0.055000
17 0.169815 0.396181 0.005370 0.036806
17 0.151343 0.767292 0.017685 0.008194
17 0.185278 0.768056 0.016667 0.008333
17 0.220463 0.768056 0.017963 0.007778
17 0.255139 0.767917 0.017500 0.007500
