17 0.372917 0.714306 0.020833 0.010833
17 0.400417 0.716181 0.019722 0.010972
17 0.428889 0.714306 0.020000 0.008611
17 0.455417 0.223056 0.042685 0.012500
16 0.398889 0.223056 0.072963 0.013611
16 0.544306 0.327431 0.007130 0.108472
16 0.544769 0.516806 0.008611 0.097778
16 0.439491 0.571042 0.020833 0.031806
16 0.543565 0.651806 0.009167 0.046111
16 0.516806 0.716181 0.059167 0.013472
16 0.269167 0.615556 0.019259 0.026111
16 0.309630 0.626806 0.038148 0.045833
16 0.248565 0.590556 0.023241 0.030556
16 0.206667 0.564306 0.021481 0.029444
16 0.211667 0.606181 0.000185 0.000139
16 0.195093 0.665556 0.071296 0.013056
16 0.166204 0.223264 0.079444 0.017361
16 0.282639 0.223542 0.041574 0.012083
16 0.314352 0.399028 0.022037 0.030556
16 0.403056 0.426181 0.023333 0.029861
16 0.435556 0.378056 0.023148 0.027500
16 0.470093 0.377431 0.022222 0.027639
16 0.503704 0.426181 0.020926 0.027639
16 0.481852 0.456528 0.021296 0.030833
16 0.425741 0.455556 0.020370 0.028333
16 0.413102 0.585556 0.023241 0.031111
16 0.412917 0.697431 0.020463 0.027361
15 0.372454 0.749306 0.013241 0.017222
15 0.400880 0.751042 0.013981 0.019306
15 0.429028 0.750278 0.012685 0.019167
15 0.452778 0.218681 0.012037 0.015694
14 0.148241 0.257778 0.011667 0.017500
14 0.281852 0.258056 0.012037 0.017778
14 0.207269 0.593056 0.012500 0.016667
14 0.228843 0.590556 0.011019 0.017500
14 0.195880 0.630556 0.011759 0.018056
14 0.269306 0.588681 0.013241 0.019306
14 0.310093 0.599306 0.014259 0.018056
14 0.431806 0.696181 0.011759 0.016528
14 0.401204 0.600278 0.012222 0.016111
14 0.431991 0.586806 0.011944 0.017500
14 0.439815 0.544167 0.013704 0.018056
14 0.516991 0.750764 0.013241 0.019861
14 0.567593 0.652014 0.010185 0.018472
14 0.566806 0.516806 0.011759 0.015833
14 0.428241 0.484931 0.013519 0.015139
14 0.483241 0.484931 0.010741 0.014861
14 0.483241 0.426181 0.013519 0.017639
14 0.486019 0.378056 0.008519 0.016944
14 0.418056 0.379306 0.009259 0.016944
14 0.387130 0.426806 0.010741 0.018611
14 0.395417 0.220278 0.013056 0.018056
14 0.314815 0.374306 0.011296 0.021667
13 0.274167 0.423681 0.009815 0.014306
13 0.236667 0.599931 0.010000 0.014306
13 0.453056 0.576181 0.010185 0.014583
13 0.475093 0.449931 0.009815 0.013194
13 0.412917 0.450139 0.009167 0.012778
14 0.566991 0.325556 0.013611 0.022778
12 0.274630 0.435556 0.010556 0.012500
11 0.452593 0.385556 0.010370 0.014444
11 0.406389 0.576806 0.008889 0.012500
11 0.252778 0.616181 0.007593 0.012917
10 0.461991 0.698542 0.040463 0.031806
10 0.527315 0.696042 0.033333 0.038194
10 0.559954 0.666528 0.029167 0.113056
10 0.576204 0.509931 0.050556 0.101250
10 0.579306 0.438056 0.046389 0.034167
7 0.153843 0.611181 0.053796 0.077361
7 0.388056 0.314306 0.052037 0.077222
7 0.501528 0.310903 0.054537 0.071250
6 0.166019 0.284167 0.085000 0.090556
6 0.216806 0.635903 0.030278 0.048472
6 0.523843 0.384306 0.039167 0.043889
1 0.466667 0.302431 0.014630 0.030972
1 0.466667 0.332292 0.015556 0.030972
1 0.348380 0.605903 0.016204 0.033194
1 0.347639 0.637292 0.017315 0.035417
1 0.204306 0.528056 0.021389 0.023056
1 0.265880 0.653542 0.029722 0.026806
0 0.223704 0.528681 0.017037 0.027361
0 0.242269 0.651806 0.016759 0.025833
0 0.402917 0.638681 0.028981 0.029861
0 0.439306 0.339931 0.018056 0.024306
6 0.380417 0.384306 0.035093 0.049167
10 0.154028 0.444931 0.149537 0.135694
3 0.351065 0.564792 0.021759 0.052639
3 0.451991 0.270556 0.042870 0.032500
2 0.242269 0.543681 0.020463 0.055139
2 0.381667 0.554931 0.040000 0.032917
7 0.493519 0.617431 0.053519 0.098194
5 0.350139 0.331806 0.023426 0.051389
5 0.302917 0.302431 0.016019 0.036528
11 0.644028 0.121181 0.008611 0.013194
12 0.644167 0.086806 0.008333 0.013056
13 0.644352 0.051806 0.007778 0.012222
