16 0.564352 0.368056 0.010000 0.204444
16 0.441991 0.499306 0.010093 0.063056
16 0.427130 0.530556 0.021667 0.029444
16 0.407593 0.443681 0.024074 0.029306
16 0.416204 0.352431 0.021852 0.040972
16 0.422315 0.322292 0.018704 0.026806
16 0.442593 0.366667 0.010000 0.064167
16 0.420278 0.245556 0.024630 0.032222
14 0.399954 0.246181 0.011944 0.021250
14 0.422639 0.348056 0.011574 0.015278
14 0.464167 0.368681 0.011111 0.018472
14 0.587593 0.399931 0.013704 0.016806
14 0.463565 0.498681 0.013241 0.019306
14 0.427269 0.560278 0.013056 0.018611
14 0.421667 0.443056 0.011111 0.018056
15 0.443241 0.240556 0.014259 0.014722
15 0.499815 0.240417 0.013148 0.014167
15 0.542454 0.241181 0.013796 0.014861
16 0.396019 0.756042 0.105741 0.018472
16 0.513843 0.754931 0.106389 0.017083
14 0.396852 0.720556 0.015185 0.020000
14 0.513565 0.719931 0.014722 0.017639
11 0.402917 0.454931 0.008611 0.013750
11 0.415093 0.321806 0.008704 0.013611
13 0.447917 0.413264 0.010833 0.011528
12 0.447917 0.425556 0.011574 0.015278
1 0.421667 0.277431 0.021296 0.021250
1 0.370093 0.450417 0.014815 0.028056
0 0.444167 0.313403 0.019444 0.029306
2 0.443102 0.282431 0.021204 0.032639
6 0.503704 0.364306 0.045556 0.045556
6 0.504954 0.470417 0.075463 0.060833
17 0.498704 0.263333 0.045556 0.016389
17 0.542130 0.263819 0.042222 0.018750
17 0.442454 0.265278 0.023426 0.011667
13 0.644259 0.051597 0.008333 0.014028
12 0.644630 0.087153 0.007593 0.014861
11 0.644630 0.121667 0.007963 0.013889
